Number of nodes 423 
     0 :  1.2910362e+00 -9.1666667e-01 
     1 :  1.0875738e+00 -9.1666667e-01 
     2 :  1.8755826e+00  2.0872666e-01 
     3 :  1.9165119e+00 -2.3394758e-02 
     4 :  2.1698576e+00 -5.0039448e-01 
     5 :  1.7500000e+00  1.8807363e+00 
     6 :  1.4666667e+00  1.9750000e+00 
     7 :  1.7500000e+00  1.9750000e+00 
     8 :  1.5000000e+00 -9.1666667e-01 
     9 :  2.0043726e+00 -5.2167725e-01 
    10 :  2.6500000e+00 -1.0000000e+00 
    11 :  1.4363242e+00  1.8500000e+00 
    12 :  1.5861819e+00  1.8500000e+00 
    13 : -6.9933514e-03 -9.1666667e-01 
    14 : -6.9933514e-03 -1.0833333e+00 
    15 :  1.5000000e+00 -1.0833333e+00 
    16 :  1.8192963e+00  1.2834142e-01 
    17 :  1.7630099e+00  4.7956181e-02 
    18 :  1.7067236e+00 -3.2429057e-02 
    19 :  1.6504372e+00 -1.1281429e-01 
    20 :  1.5941509e+00 -1.9319953e-01 
    21 :  1.5378646e+00 -2.7358477e-01 
    22 :  1.4815782e+00 -3.5397001e-01 
    23 :  1.4252919e+00 -4.3435524e-01 
    24 :  1.3690055e+00 -5.1474048e-01 
    25 :  1.3127192e+00 -5.9512572e-01 
    26 :  1.2564328e+00 -6.7551095e-01 
    27 :  1.2001465e+00 -7.5589619e-01 
    28 :  1.1438601e+00 -8.3628143e-01 
    29 :  1.3478976e+00 -8.3546013e-01 
    30 :  1.4047590e+00 -7.5425359e-01 
    31 :  1.4616205e+00 -6.7304706e-01 
    32 :  1.5184819e+00 -5.9184052e-01 
    33 :  1.5753433e+00 -5.1063398e-01 
    34 :  1.6322048e+00 -4.2942744e-01 
    35 :  1.6890662e+00 -3.4822091e-01 
    36 :  1.7459276e+00 -2.6701437e-01 
    37 :  1.8027891e+00 -1.8580783e-01 
    38 :  1.8596505e+00 -1.0460130e-01 
    39 :  2.1530633e+00 -4.0514925e-01 
    40 :  2.1362690e+00 -3.0990402e-01 
    41 :  2.1194747e+00 -2.1465879e-01 
    42 :  2.1026804e+00 -1.1941355e-01 
    43 :  2.0858861e+00 -2.4168323e-02 
    44 :  2.0690918e+00  7.1076909e-02 
    45 :  2.0522975e+00  1.6632214e-01 
    46 :  2.0355032e+00  2.6156737e-01 
    47 :  2.0187089e+00  3.5681260e-01 
    48 :  2.0019146e+00  4.5205783e-01 
    49 :  1.9851203e+00  5.4730307e-01 
    50 :  1.9683260e+00  6.4254830e-01 
    51 :  1.9515316e+00  7.3779353e-01 
    52 :  1.9347373e+00  8.3303876e-01 
    53 :  1.9179430e+00  9.2828399e-01 
    54 :  1.9011487e+00  1.0235292e+00 
    55 :  1.8843544e+00  1.1187745e+00 
    56 :  1.8675601e+00  1.2140197e+00 
    57 :  1.8507658e+00  1.3092649e+00 
    58 :  1.8339715e+00  1.4045101e+00 
    59 :  1.8171772e+00  1.4997554e+00 
    60 :  1.8003829e+00  1.5950006e+00 
    61 :  1.7835886e+00  1.6902458e+00 
    62 :  1.7667943e+00  1.7854911e+00 
    63 :  1.6555556e+00  1.9750000e+00 
    64 :  1.5611111e+00  1.9750000e+00 
    65 :  1.4303454e+00 -9.1666667e-01 
    66 :  1.3606908e+00 -9.1666667e-01 
    67 :  1.9311554e+00 -1.0644184e-01 
    68 :  1.9457988e+00 -1.8948892e-01 
    69 :  1.9604422e+00 -2.7253601e-01 
    70 :  1.9750857e+00 -3.5558309e-01 
    71 :  1.9897291e+00 -4.3863017e-01 
    72 :  1.9157574e+00 -5.5826431e-01 
    73 :  1.8357542e+00 -6.1109178e-01 
    74 :  1.7673043e+00 -6.7821746e-01 
    75 :  1.7129242e+00 -7.5717348e-01 
    76 :  1.6746131e+00 -8.4505702e-01 
    77 :  1.6537797e+00 -9.3863705e-01 
    78 :  1.6511898e+00 -1.0344731e+00 
    79 :  1.6669387e+00 -1.1290417e+00 
    80 :  1.7004473e+00 -1.2188661e+00 
    81 :  1.7504837e+00 -1.3006439e+00 
    82 :  1.8152084e+00 -1.3713685e+00 
    83 :  1.8922417e+00 -1.4284398e+00 
    84 :  1.9787514e+00 -1.4697594e+00 
    85 :  2.0715571e+00 -1.4938084e+00 
    86 :  2.1672468e+00 -1.4997025e+00 
    87 :  2.2623024e+00 -1.4872250e+00 
    88 :  2.3532292e+00 -1.4568347e+00 
    89 :  2.4366842e+00 -1.4096488e+00 
    90 :  2.5095994e+00 -1.3474022e+00 
    91 :  2.5692938e+00 -1.2723834e+00 
    92 :  2.6135729e+00 -1.1873504e+00 
    93 :  2.6408087e+00 -1.0954294e+00 
    94 :  2.6408710e+00 -9.0489118e-01 
    95 :  2.6138172e+00 -8.1325536e-01 
    96 :  2.5698267e+00 -7.2843873e-01 
    97 :  2.5105058e+00 -6.5353846e-01 
    98 :  2.4380205e+00 -5.9128962e-01 
    99 :  2.3550179e+00 -5.4396529e-01 
   100 :  2.2645288e+00 -5.1329357e-01 
   101 :  1.4019425e+00  2.0083107e+00 
   102 :  1.3357362e+00  1.9780528e+00 
   103 :  1.3185650e+00  1.9073141e+00 
   104 :  1.3635312e+00  1.8500702e+00 
   105 :  1.5112530e+00  1.8500000e+00 
   106 :  1.6032054e+00  1.7534545e+00 
   107 :  1.6202290e+00  1.6569090e+00 
   108 :  1.6372526e+00  1.5603635e+00 
   109 :  1.6542762e+00  1.4638180e+00 
   110 :  1.6712997e+00  1.3672725e+00 
   111 :  1.6883233e+00  1.2707271e+00 
   112 :  1.7053469e+00  1.1741816e+00 
   113 :  1.7223705e+00  1.0776361e+00 
   114 :  1.7393940e+00  9.8109058e-01 
   115 :  1.7564176e+00  8.8454509e-01 
   116 :  1.7734412e+00  7.8799960e-01 
   117 :  1.7904648e+00  6.9145411e-01 
   118 :  1.8074883e+00  5.9490862e-01 
   119 :  1.8245119e+00  4.9836313e-01 
   120 :  1.8415355e+00  4.0181764e-01 
   121 :  1.8585591e+00  3.0527215e-01 
   122 :  9.8806766e-01 -9.1666667e-01 
   123 :  8.8856156e-01 -9.1666667e-01 
   124 :  7.8905545e-01 -9.1666667e-01 
   125 :  6.8954935e-01 -9.1666667e-01 
   126 :  5.9004325e-01 -9.1666667e-01 
   127 :  4.9053715e-01 -9.1666667e-01 
   128 :  3.9103105e-01 -9.1666667e-01 
   129 :  2.9152495e-01 -9.1666667e-01 
   130 :  1.9201885e-01 -9.1666667e-01 
   131 :  9.2512749e-02 -9.1666667e-01 
   132 : -3.3067526e-02 -8.2118707e-01 
   133 : -7.7438387e-02 -7.3271423e-01 
   134 : -1.3836727e-01 -6.5471495e-01 
   135 : -2.1346668e-01 -5.9024561e-01 
   136 : -2.9979386e-01 -5.4183245e-01 
   137 : -3.9396609e-01 -5.1137252e-01 
   138 : -4.9229325e-01 -5.0005940e-01 
   139 : -5.9092239e-01 -5.0833638e-01 
   140 : -6.8598876e-01 -5.3587913e-01 
   141 : -7.7376717e-01 -5.8160840e-01 
   142 : -8.5081806e-01 -6.4373228e-01 
   143 : -9.1412219e-01 -7.1981647e-01 
   144 : -9.6119900e-01 -8.0687961e-01 
   145 : -9.9020378e-01 -9.0151015e-01 
   146 : -1.0000000e+00 -1.0000000e+00 
   147 : -9.9020378e-01 -1.0984899e+00 
   148 : -9.6119900e-01 -1.1931204e+00 
   149 : -9.1412219e-01 -1.2801835e+00 
   150 : -8.5081806e-01 -1.3562677e+00 
   151 : -7.7376717e-01 -1.4183916e+00 
   152 : -6.8598876e-01 -1.4641209e+00 
   153 : -5.9092239e-01 -1.4916636e+00 
   154 : -4.9229325e-01 -1.4999406e+00 
   155 : -3.9396609e-01 -1.4886275e+00 
   156 : -2.9979386e-01 -1.4581675e+00 
   157 : -2.1346668e-01 -1.4097544e+00 
   158 : -1.3836727e-01 -1.3452851e+00 
   159 : -7.7438387e-02 -1.2672858e+00 
   160 : -3.3067526e-02 -1.1788129e+00 
   161 :  8.7193733e-02 -1.0833333e+00 
   162 :  1.8138082e-01 -1.0833333e+00 
   163 :  2.7556790e-01 -1.0833333e+00 
   164 :  3.6975499e-01 -1.0833333e+00 
   165 :  4.6394207e-01 -1.0833333e+00 
   166 :  5.5812916e-01 -1.0833333e+00 
   167 :  6.5231624e-01 -1.0833333e+00 
   168 :  7.4650332e-01 -1.0833333e+00 
   169 :  8.4069041e-01 -1.0833333e+00 
   170 :  9.3487749e-01 -1.0833333e+00 
   171 :  1.0290646e+00 -1.0833333e+00 
   172 :  1.1232517e+00 -1.0833333e+00 
   173 :  1.2174387e+00 -1.0833333e+00 
   174 :  1.3116258e+00 -1.0833333e+00 
   175 :  1.4058129e+00 -1.0833333e+00 
   176 :  1.5000000e+00 -1.0000000e+00 
   177 :  1.9902403e+00 -6.1311928e-01 
   178 : -9.9984258e-02 -1.1077289e+00 
   179 :  2.2843218e+00 -1.3914050e+00 
   180 : -8.9764054e-01 -8.7694529e-01 
   181 :  2.5222584e+00 -8.0311853e-01 
   182 :  1.7551336e+00 -1.1423332e+00 
   183 : -6.1219211e-01 -1.3959995e+00 
   184 : -3.7325905e-01 -6.0815803e-01 
   185 :  2.5550011e+00 -1.1123275e+00 
   186 :  1.9599709e+00 -1.3941155e+00 
   187 :  1.7698780e+00 -8.3429358e-01 
   188 :  2.2876418e+00 -6.0488117e-01 
   189 : -8.6226170e-01 -1.1958822e+00 
   190 : -6.7951135e-01 -6.3953712e-01 
   191 : -2.9855730e-01 -1.3591994e+00 
   192 : -1.3009555e-01 -8.0824848e-01 
   193 :  2.5734317e+00 -9.6212843e-01 
   194 :  2.4203541e+00 -6.8518809e-01 
   195 :  2.4744784e+00 -1.2581959e+00 
   196 :  1.7371745e+00 -9.9587718e-01 
   197 :  1.8613974e+00 -6.9863406e-01 
   198 :  1.8446857e+00 -1.2825964e+00 
   199 :  2.1214888e+00 -1.4136379e+00 
   200 : -8.1657929e-01 -7.3659736e-01 
   201 : -4.4024200e-01 -1.3926242e+00 
   202 : -1.7072163e-01 -1.2509439e+00 
   203 : -2.2054257e-01 -6.8923341e-01 
   204 : -5.2685225e-01 -5.9758097e-01 
   205 : -9.0209877e-01 -1.0411156e+00 
   206 : -7.5849175e-01 -1.3206016e+00 
   207 :  1.9802624e+00  1.0137331e-01 
   208 :  2.0693894e+00 -5.7900555e-01 
   209 :  2.0615333e+00 -6.7226551e-01 
   210 :  2.1405421e+00 -6.3551367e-01 
   211 :  2.1359185e+00 -7.3103790e-01 
   212 :  2.0485999e+00 -7.6696602e-01 
   213 :  2.1244558e+00 -8.2601259e-01 
   214 :  2.0360860e+00 -8.6236210e-01 
   215 :  2.1118844e+00 -9.2102736e-01 
   216 :  2.2005502e+00 -8.8469609e-01 
   217 :  2.1877225e+00 -9.7964272e-01 
   218 :  2.0990990e+00 -1.0159741e+00 
   219 :  2.1748882e+00 -1.0745616e+00 
   220 :  2.2635271e+00 -1.0382175e+00 
   221 :  2.0862591e+00 -1.1109071e+00 
   222 :  2.0104747e+00 -1.0523123e+00 
   223 :  2.2506788e+00 -1.1331419e+00 
   224 :  2.3393055e+00 -1.0967928e+00 
   225 :  2.3521501e+00 -1.0018831e+00 
   226 :  1.9976187e+00 -1.1472525e+00 
   227 :  2.0734219e+00 -1.2058545e+00 
   228 :  2.3244028e+00 -1.1914510e+00 
   229 :  2.2373035e+00 -1.2275593e+00 
   230 :  1.9238082e+00 -1.0889169e+00 
   231 :  1.9350266e+00 -9.9375654e-01 
   232 :  1.9619086e+00 -8.0728117e-01 
   233 :  1.9920108e+00 -1.2371641e+00 
   234 :  2.4230921e+00 -1.0597914e+00 
   235 :  2.4327483e+00 -9.6504227e-01 
   236 :  2.3649940e+00 -9.0701034e-01 
   237 :  2.0744566e+00 -1.3127020e+00 
   238 :  1.1967918e+00 -9.1795103e-01 
   239 :  1.3995078e+00  1.9251195e+00 
   240 : -6.7923328e-02 -9.9736615e-01 
   241 : -1.6945501e-01 -1.0369950e+00 
   242 : -1.5566114e-01 -9.5317664e-01 
   243 : -2.4234381e-01 -9.7095031e-01 
   244 : -2.6689711e-01 -1.0656391e+00 
   245 : -3.3684506e-01 -9.9551756e-01 
   246 : -3.6263292e-01 -1.0909176e+00 
   247 : -4.3236144e-01 -1.0206716e+00 
   248 : -4.0637922e-01 -9.2513218e-01 
   249 : -5.0205823e-01 -9.5037777e-01 
   250 : -5.2802717e-01 -1.0459039e+00 
   251 : -5.9774064e-01 -9.7566047e-01 
   252 : -6.2371812e-01 -1.0711603e+00 
   253 : -5.5399415e-01 -1.1414090e+00 
   254 : -5.7180377e-01 -8.8014327e-01 
   255 : -6.9343010e-01 -1.0009423e+00 
   256 : -6.4969380e-01 -1.1666651e+00 
   257 : -5.8081515e-01 -1.2337187e+00 
   258 : -4.8441249e-01 -1.2111264e+00 
   259 : -2.9675714e-01 -1.1600654e+00 
   260 :  1.3252438e+00 -9.7494419e-01 
   261 :  1.8409621e+00 -1.0223758e+00 
   262 :  1.8746318e+00 -9.3444883e-01 
   263 :  2.3038595e+00 -1.2898456e+00 
   264 : -5.2558094e-01 -1.3222492e+00 
   265 : -4.2072575e-01 -1.2841394e+00 
   266 :  1.6755061e+00  1.8154406e+00 
   267 :  2.0846376e+00 -4.8316703e-01 
   268 :  2.2274820e+00 -6.8483360e-01 
   269 :  1.2490307e+00 -9.8822162e-01 
   270 :  1.2454177e+00 -8.3718522e-01 
   271 :  2.0627034e+00 -3.8185513e-01 
   272 : -2.0589531e-01 -8.7453157e-01 
   273 :  1.9615643e+00 -7.0979210e-01 
   274 : -6.7567086e-01 -1.2621709e+00 
   275 : -7.5798031e-01 -1.2047580e+00 
   276 :  1.6934097e+00  1.7216514e+00 
   277 :  2.0250414e+00 -2.1833087e-01 
   278 :  1.9957545e+00 -5.2236707e-02 
   279 : -1.9550035e-01 -1.1483299e+00 
   280 :  2.2132572e+00 -7.8798066e-01 
   281 :  2.3005421e+00 -7.5509735e-01 
   282 :  2.2892554e+00 -8.4806612e-01 
   283 :  2.3752997e+00 -8.1441390e-01 
   284 :  2.2763665e+00 -9.4325265e-01 
   285 : -3.0972799e-01 -8.9996339e-01 
   286 : -3.8016615e-01 -8.2959748e-01 
   287 : -2.8602536e-01 -8.0627476e-01 
   288 : -3.5673645e-01 -7.1948700e-01 
   289 : -4.5000965e-01 -7.5928013e-01 
   290 :  2.4226032e+00 -1.1669781e+00 
   291 : -4.7607302e-01 -8.5480895e-01 
   292 : -5.4587474e-01 -7.8461438e-01 
   293 : -6.4158084e-01 -8.0998009e-01 
   294 : -6.1326627e-01 -7.1889904e-01 
   295 : -7.1090964e-01 -7.3843250e-01 
   296 : -7.4367887e-01 -8.3489450e-01 
   297 : -5.2252837e-01 -6.9324146e-01 
   298 : -3.9027845e-01 -1.1865090e+00 
   299 : -3.2023456e-01 -1.2679437e+00 
   300 : -4.5861777e-01 -1.1160896e+00 
   301 : -7.1941535e-01 -1.0964148e+00 
   302 : -7.9112229e-01 -1.0251825e+00 
   303 :  2.0233661e+00 -9.5737210e-01 
   304 :  2.1619598e+00 -1.1694133e+00 
   305 :  1.9006234e+00 -1.1975631e+00 
   306 :  1.9504837e+00 -8.9923749e-01 
   307 :  2.1522629e+00 -1.2632966e+00 
   308 :  1.8606690e+00 -8.4537988e-01 
   309 : -6.6856005e-01 -9.0540122e-01 
   310 :  3.8680621e-02 -9.9985518e-01 
   311 : -7.6320659e-01 -9.3770007e-01 
   312 :  1.3671019e-01 -1.0004203e+00 
   313 :  1.7105216e+00  1.6262253e+00 
   314 :  2.0000861e+00 -1.3718238e-01 
   315 :  1.8544309e+00  4.3841212e-02 
   316 :  1.7274997e+00  1.5305261e+00 
   317 :  1.1625605e+00 -1.0023634e+00 
   318 :  1.7444539e+00  1.4347811e+00 
   319 :  2.3192888e-01 -1.0012577e+00 
   320 :  1.7614023e+00  1.3390281e+00 
   321 :  2.2238349e+00 -1.3201374e+00 
   322 :  2.4580571e+00 -8.6949097e-01 
   323 :  1.7783481e+00  1.2432736e+00 
   324 :  1.7952917e+00  1.1475184e+00 
   325 :  1.8122332e+00  1.0517629e+00 
   326 :  3.2750521e-01 -1.0017737e+00 
   327 :  1.8291726e+00  9.5600698e-01 
   328 :  1.3951135e+00 -9.7496135e-01 
   329 :  1.8461100e+00  8.6025071e-01 
   330 :  1.8630454e+00  7.6449407e-01 
   331 :  4.2312411e-01 -1.0021828e+00 
   332 :  1.8799787e+00  6.6873707e-01 
   333 :  1.8969099e+00  5.7297971e-01 
   334 :  1.9144662e+00  4.7973515e-01 
   335 :  1.9653747e+00  1.9187192e-01 
   336 :  5.1654452e-01 -1.0033340e+00 
   337 :  1.9314911e+00  3.8443354e-01 
   338 : -8.2378093e-01 -1.1148269e+00 
   339 :  1.9482518e+00  2.8787226e-01 
   340 :  1.0689762e+00 -1.0038246e+00 
   341 :  6.1157101e-01 -1.0037447e+00 
   342 :  1.3005951e+00 -7.5644612e-01 
   343 :  1.6503516e+00  1.9009075e+00 
   344 :  1.3568654e+00 -6.7571204e-01 
   345 :  7.0673406e-01 -1.0039949e+00 
   346 :  1.8052050e+00 -3.2202701e-02 
   347 :  1.4133186e+00 -5.9497937e-01 
   348 :  9.7623156e-01 -1.0047941e+00 
   349 :  7.9953391e-01 -1.0048360e+00 
   350 :  8.8797899e-01 -1.0185927e+00 
   351 :  1.4698031e+00 -5.1424752e-01 
   352 :  1.5262936e+00 -4.3351638e-01 
   353 :  1.5827860e+00 -3.5278594e-01 
   354 :  1.6392795e+00 -2.7205618e-01 
   355 : -8.5639499e-01 -9.6209084e-01 
   356 :  1.6957741e+00 -1.9132712e-01 
   357 :  1.7534299e+00 -1.0986372e-01 
   358 :  1.4724938e+00  1.9015239e+00 
   359 :  2.3634485e+00 -1.3598880e+00 
   360 :  2.0465027e+00 -2.9214465e-01 
   361 :  1.8450965e+00 -1.1266074e+00 
   362 :  2.5052121e+00 -1.0242536e+00 
   363 : -8.2726310e-01 -8.2498376e-01 
   364 : -4.4673219e-01 -6.5865530e-01 
   365 :  2.3871534e+00 -1.2653262e+00 
   366 :  1.9941737e+00  1.8746593e-02 
   367 :  1.7885992e+00 -9.1983361e-01 
   368 :  1.8066586e+00 -7.6156269e-01 
   369 :  2.5183694e+00 -1.1853980e+00 
   370 :  2.4941301e+00 -7.3266343e-01 
   371 :  2.3619602e+00 -6.2067395e-01 
   372 :  2.5514600e+00 -8.7977560e-01 
   373 :  2.2059621e+00 -5.8059932e-01 
   374 :  1.7210758e+00 -1.0759129e+00 
   375 :  2.2015214e+00 -1.4089067e+00 
   376 :  1.7994117e+00 -1.2114350e+00 
   377 :  2.0357349e+00 -1.4040380e+00 
   378 :  1.9039310e+00 -1.3436632e+00 
   379 :  1.9129427e+00 -6.3818031e-01 
   380 : -8.2873480e-01 -1.2715386e+00 
   381 : -2.2846466e-01 -1.3140898e+00 
   382 : -6.1927669e-01 -5.8830544e-01 
   383 : -7.6631710e-01 -6.6798153e-01 
   384 : -9.0883864e-01 -1.1271790e+00 
   385 : -6.8618680e-01 -1.3624213e+00 
   386 : -3.5985188e-01 -1.4068800e+00 
   387 : -1.5485741e-01 -7.3659590e-01 
   388 : -2.9132053e-01 -6.4719195e-01 
   389 : -4.4662056e-01 -5.7516525e-01 
   390 : -5.3224614e-01 -1.4204954e+00 
   391 : -1.1534243e-01 -1.1906203e+00 
   392 :  1.8980343e+00  1.1152568e-01 
   393 : -9.2697142e-02 -8.9104013e-01 
   394 :  1.5487174e+00  1.9075001e+00 
   395 :  2.5848907e+00 -1.0388278e+00 
   396 : -6.1101017e-01 -1.3132431e+00 
   397 :  2.4342314e+00 -1.3273799e+00 
   398 :  2.1499339e+00 -1.3413322e+00 
   399 :  1.3613087e+00 -1.0282304e+00 
   400 :  2.3284615e+00 -6.8170107e-01 
   401 : -2.4638804e-01 -1.2256201e+00 
   402 : -9.3099008e-01 -9.5643845e-01 
   403 : -2.0993762e-01 -7.8960563e-01 
   404 :  1.9244411e+00 -1.2745954e+00 
   405 :  1.8931232e+00 -7.6767490e-01 
   406 :  1.4394086e+00 -1.0264107e+00 
   407 :  2.4404814e+00 -7.7406786e-01 
   408 :  2.4787615e+00 -1.1131838e+00 
   409 :  2.3728759e+00 -7.4046571e-01 
   410 :  2.5030798e+00 -9.3603273e-01 
   411 : -8.8797079e-01 -7.9030365e-01 
   412 :  1.4529735e+00 -9.6694109e-01 
   413 : -5.8917413e-01 -6.4832666e-01 
   414 :  1.7872619e+00 -1.0751772e+00 
   415 : -3.6792230e-01 -1.3421574e+00 
   416 :  2.1372136e+00 -5.5896162e-01 
   417 : -8.2207714e-01 -8.9243782e-01 
   418 :  1.9286826e+00  5.0418406e-02 
   419 :  1.9850045e+00 -1.3225770e+00 
   420 :  1.7209439e+00 -9.0547961e-01 
   421 :  1.2918118e+00 -1.0290593e+00 
   422 : -2.7611594e-01 -7.3145474e-01 
Number of edges 177 
     0 :      2     16 
     1 :     16     17 
     2 :     17     18 
     3 :     18     19 
     4 :     19     20 
     5 :     20     21 
     6 :     21     22 
     7 :     22     23 
     8 :     23     24 
     9 :     24     25 
    10 :     25     26 
    11 :     26     27 
    12 :     27     28 
    13 :     28      1 
    14 :      0     29 
    15 :     29     30 
    16 :     30     31 
    17 :     31     32 
    18 :     32     33 
    19 :     33     34 
    20 :     34     35 
    21 :     35     36 
    22 :     36     37 
    23 :     37     38 
    24 :     38      3 
    25 :      4     39 
    26 :     39     40 
    27 :     40     41 
    28 :     41     42 
    29 :     42     43 
    30 :     43     44 
    31 :     44     45 
    32 :     45     46 
    33 :     46     47 
    34 :     47     48 
    35 :     48     49 
    36 :     49     50 
    37 :     50     51 
    38 :     51     52 
    39 :     52     53 
    40 :     53     54 
    41 :     54     55 
    42 :     55     56 
    43 :     56     57 
    44 :     57     58 
    45 :     58     59 
    46 :     59     60 
    47 :     60     61 
    48 :     61     62 
    49 :     62      5 
    50 :      7     63 
    51 :     63     64 
    52 :     64      6 
    53 :      8     65 
    54 :     65     66 
    55 :     66      0 
    56 :      3     67 
    57 :     67     68 
    58 :     68     69 
    59 :     69     70 
    60 :     70     71 
    61 :     71      9 
    62 :      9     72 
    63 :     72     73 
    64 :     73     74 
    65 :     74     75 
    66 :     75     76 
    67 :     76     77 
    68 :     77     78 
    69 :     78     79 
    70 :     79     80 
    71 :     80     81 
    72 :     81     82 
    73 :     82     83 
    74 :     83     84 
    75 :     84     85 
    76 :     85     86 
    77 :     86     87 
    78 :     87     88 
    79 :     88     89 
    80 :     89     90 
    81 :     90     91 
    82 :     91     92 
    83 :     92     93 
    84 :     93     10 
    85 :     10     94 
    86 :     94     95 
    87 :     95     96 
    88 :     96     97 
    89 :     97     98 
    90 :     98     99 
    91 :     99    100 
    92 :    100      4 
    93 :      5      7 
    94 :      6    101 
    95 :    101    102 
    96 :    102    103 
    97 :    103    104 
    98 :    104     11 
    99 :     11    105 
   100 :    105     12 
   101 :     12    106 
   102 :    106    107 
   103 :    107    108 
   104 :    108    109 
   105 :    109    110 
   106 :    110    111 
   107 :    111    112 
   108 :    112    113 
   109 :    113    114 
   110 :    114    115 
   111 :    115    116 
   112 :    116    117 
   113 :    117    118 
   114 :    118    119 
   115 :    119    120 
   116 :    120    121 
   117 :    121      2 
   118 :      1    122 
   119 :    122    123 
   120 :    123    124 
   121 :    124    125 
   122 :    125    126 
   123 :    126    127 
   124 :    127    128 
   125 :    128    129 
   126 :    129    130 
   127 :    130    131 
   128 :    131     13 
   129 :     13    132 
   130 :    132    133 
   131 :    133    134 
   132 :    134    135 
   133 :    135    136 
   134 :    136    137 
   135 :    137    138 
   136 :    138    139 
   137 :    139    140 
   138 :    140    141 
   139 :    141    142 
   140 :    142    143 
   141 :    143    144 
   142 :    144    145 
   143 :    145    146 
   144 :    146    147 
   145 :    147    148 
   146 :    148    149 
   147 :    149    150 
   148 :    150    151 
   149 :    151    152 
   150 :    152    153 
   151 :    153    154 
   152 :    154    155 
   153 :    155    156 
   154 :    156    157 
   155 :    157    158 
   156 :    158    159 
   157 :    159    160 
   158 :    160     14 
   159 :     14    161 
   160 :    161    162 
   161 :    162    163 
   162 :    163    164 
   163 :    164    165 
   164 :    165    166 
   165 :    166    167 
   166 :    167    168 
   167 :    168    169 
   168 :    169    170 
   169 :    170    171 
   170 :    171    172 
   171 :    172    173 
   172 :    173    174 
   173 :    174    175 
   174 :    175     15 
   175 :     15    176 
   176 :    176      8 
Number of triangles 667 
     0 :    361    376    305
     1 :    183    390    264
     2 :    261    367    196
     3 :    305    376    198
     4 :    102    239    101
     5 :      0    270    238
     6 :    358    394      6
     7 :    101    239      6
     8 :      1    317    238
     9 :    264    396    183
    10 :    201    265    264
    11 :      7    343      5
    12 :    262    367    261
    13 :    237    377    199
    14 :    278    314     42
    15 :     64    394    343
    16 :     63    343      7
    17 :     42    314    277
    18 :    199    398    237
    19 :    288    388    184
    20 :    195    369    290
    21 :     43    278     42
    22 :    205    338    302
    23 :     42    277     41
    24 :     13    393    240
    25 :    201    415    265
    26 :    238    269      0
    27 :      1    340    317
    28 :    349    350    123
    29 :    275    380    206
    30 :    124    349    123
    31 :    123    350    348
    32 :    240    310     13
    33 :    274    275    206
    34 :    297    364    204
    35 :    364    389    204
    36 :    123    348    122
    37 :    103    239    102
    38 :    272    393    192
    39 :     64    343     63
    40 :    242    393    272
    41 :    200    296    295
    42 :     29    342    270
    43 :    106    266     12
    44 :    240    393    242
    45 :    188    373    268
    46 :    345    349    124
    47 :    369    408    290
    48 :     44    366     43
    49 :     41    360     40
    50 :    264    390    201
    51 :    208    416    267
    52 :    125    345    124
    53 :    122    340      1
    54 :    122    348    340
    55 :    184    364    288
    56 :    268    373    210
    57 :      6    394     64
    58 :    277    360     41
    59 :    187    367    308
    60 :    237    419    377
    61 :    200    363    296
    62 :    267    416      4
    63 :     43    366    278
    64 :    308    367    262
    65 :    189    380    275
    66 :    343    394     12
    67 :    288    422    388
    68 :    205    384    338
    69 :    239    358      6
    70 :    341    345    125
    71 :    208    267      9
    72 :    126    341    125
    73 :     39    267      4
    74 :    315    346      3
    75 :    377    419    186
    76 :    290    365    195
    77 :    269    317    173
    78 :    385    396    274
    79 :     14    310    240
    80 :      3    346     38
    81 :    346    357     38
    82 :    196    414    261
    83 :    173    421    269
    84 :    302    355    205
    85 :    191    381    299
    86 :    127    336    126
    87 :     71    271     70
    88 :    336    341    126
    89 :    206    385    274
    90 :    270    342     27
    91 :    335    339      2
    92 :     38    357     37
    93 :    190    295    294
    94 :    308    368    187
    95 :    275    338    189
    96 :     37    356     36
    97 :    381    401    299
    98 :     37    357    356
    99 :    263    321    179
   100 :     36    354     35
   101 :     36    356    354
   102 :    279    401    202
   103 :      2    339    121
   104 :    202    391    279
   105 :     35    353     34
   106 :     35    354    353
   107 :     39    271    267
   108 :    128    331    127
   109 :    182    376    361
   110 :    198    404    305
   111 :    121    337    120
   112 :     34    352     33
   113 :    267    271     71
   114 :     34    353    352
   115 :    121    339    337
   116 :    331    336    127
   117 :      1    238     28
   118 :    104    239    103
   119 :     33    351     32
   120 :    308    405    368
   121 :    120    334    119
   122 :    266    343     12
   123 :     33    352    351
   124 :    120    337    334
   125 :    359    365    263
   126 :     32    347     31
   127 :      5    266     62
   128 :     32    351    347
   129 :    197    405    273
   130 :    119    333    118
   131 :    119    334    333
   132 :     31    344     30
   133 :    238    270     28
   134 :     31    347    344
   135 :    118    332    117
   136 :    359    397    365
   137 :     30    342     29
   138 :    118    333    332
   139 :     30    344    342
   140 :      5    343    266
   141 :    129    326    128
   142 :    117    330    116
   143 :      2    392    335
   144 :    322    372    181
   145 :    117    332    330
   146 :    273    379    197
   147 :    179    359    263
   148 :    116    329    115
   149 :    326    331    128
   150 :    116    330    329
   151 :    115    327    114
   152 :    321    398    375
   153 :    107    313    276
   154 :     28    270     27
   155 :    115    329    327
   156 :    114    325    113
   157 :    212    273    232
   158 :    114    327    325
   159 :    130    319    129
   160 :    113    324    112
   161 :    106    276    266
   162 :    322    410    372
   163 :    294    413    190
   164 :    113    325    324
   165 :    400    409    194
   166 :    112    323    111
   167 :    371    400    194
   168 :    194    409    407
   169 :     45    207     44
   170 :     72    177      9
   171 :    112    324    323
   172 :    111    320    110
   173 :     40    360    271
   174 :    107    276    106
   175 :    194    407    370
   176 :    319    326    129
   177 :    321    375    179
   178 :    259    279    244
   179 :    209    273    212
   180 :    111    323    320
   181 :    110    318    109
   182 :     18    357    346
   183 :    276    313     61
   184 :    131    312    130
   185 :     13    310    131
   186 :     40    271     39
   187 :    110    320    318
   188 :    109    316    108
   189 :     14    178    160
   190 :    244    279    241
   191 :    236    283    282
   192 :    266    276     62
   193 :    216    284    282
   194 :     46    339    335
   195 :    282    284    236
   196 :    108    313    107
   197 :    216    282    280
   198 :    109    318    316
   199 :    216    280    213
   200 :    289    297    292
   201 :    292    297    294
   202 :    248    291    249
   203 :    287    288    286
   204 :    289    292    291
   205 :    217    284    216
   206 :    285    287    286
   207 :    220    284    217
   208 :    245    285    248
   209 :    286    291    248
   210 :    249    291    254
   211 :    285    286    248
   212 :    234    235    225
   213 :    235    236    225
   214 :    213    280    211
   215 :     74    197     73
   216 :     93    185     92
   217 :    203    422    403
   218 :    243    285    245
   219 :    224    225    220
   220 :    288    289    286
   221 :    231    306    262
   222 :    225    284    220
   223 :    224    234    225
   224 :     91    195     90
   225 :     76    187     75
   226 :    282    283    281
   227 :    280    281    268
   228 :    215    216    213
   229 :    222    303    231
   230 :     88    179     87
   231 :     78    196     77
   232 :    289    291    286
   233 :     80    182     79
   234 :     86    199     85
   235 :    291    292    254
   236 :     84    186     83
   237 :    224    290    234
   238 :     82    198     81
   239 :    265    299    298
   240 :    298    300    258
   241 :    265    298    258
   242 :    292    293    254
   243 :    246    300    298
   244 :    253    300    250
   245 :    292    294    293
   246 :    258    300    253
   247 :    250    300    247
   248 :    294    295    293
   249 :    295    296    293
   250 :    256    301    275
   251 :    252    301    256
   252 :     11    239    104
   253 :    145    180    144
   254 :    149    189    148
   255 :    155    201    154
   256 :    147    205    146
   257 :    159    202    158
   258 :    157    191    156
   259 :    143    200    142
   260 :    153    183    152
   261 :    137    184    136
   262 :    139    204    138
   263 :    135    203    134
   264 :    133    192    132
   265 :    151    206    150
   266 :    141    190    140
   267 :    264    265    258
   268 :    256    275    274
   269 :    257    264    258
   270 :    256    274    257
   271 :    257    258    253
   272 :    256    257    253
   273 :    255    302    301
   274 :    255    301    252
   275 :    252    256    253
   276 :    252    253    250
   277 :    251    255    252
   278 :    251    252    250
   279 :    249    254    251
   280 :    249    251    250
   281 :    249    250    247
   282 :    298    299    259
   283 :    248    249    247
   284 :    222    231    230
   285 :    246    298    259
   286 :    247    300    246
   287 :    245    248    247
   288 :    245    247    246
   289 :    246    259    244
   290 :    236    284    225
   291 :    272    287    285
   292 :    245    246    244
   293 :    231    262    261
   294 :    223    224    220
   295 :    219    220    217
   296 :    280    282    281
   297 :    243    245    244
   298 :    272    285    243
   299 :    215    217    216
   300 :    228    290    224
   301 :    231    261    230
   302 :    306    308    262
   303 :    219    223    220
   304 :    218    222    221
   305 :     98    194     97
   306 :    223    228    224
   307 :    226    227    221
   308 :    222    230    226
   309 :     96    181     95
   310 :    233    237    227
   311 :    223    229    228
   312 :    229    263    228
   313 :    226    233    227
   314 :    222    226    221
   315 :    218    303    222
   316 :    218    221    219
   317 :    100    188     99
   318 :    218    219    217
   319 :    303    306    231
   320 :    219    304    223
   321 :    211    280    268
   322 :    227    304    221
   323 :    227    307    304
   324 :    214    215    213
   325 :    214    303    215
   326 :    221    304    219
   327 :    304    307    229
   328 :    242    272    243
   329 :    243    244    241
   330 :    215    303    218
   331 :    223    304    229
   332 :    207    366     44
   333 :    230    305    226
   334 :    215    218    217
   335 :    293    309    254
   336 :    254    309    251
   337 :    212    232    214
   338 :    226    305    233
   339 :    212    214    213
   340 :    237    307    227
   341 :    214    306    303
   342 :    232    306    214
   343 :     94    193     10
   344 :    212    213    211
   345 :    232    308    306
   346 :    211    268    210
   347 :    251    309    255
   348 :    296    309    293
   349 :    309    311    255
   350 :    296    311    309
   351 :    242    243    241
   352 :    209    212    211
   353 :    255    311    302
   354 :    108    316    313
   355 :    209    211    210
   356 :    335    392    207
   357 :    241    279    178
   358 :    240    242    241
   359 :     14    240    178
   360 :    236    322    283
   361 :    312    319    130
   362 :    238    317    269
   363 :    209    210    208
   364 :    177    273    209
   365 :    161    310     14
   366 :    386    415    201
   367 :    162    312    161
   368 :    229    321    263
   369 :    203    403    387
   370 :    240    241    178
   371 :    177    208      9
   372 :     61    313     60
   373 :    310    312    131
   374 :    317    340    172
   375 :     60    316     59
   376 :    163    319    162
   377 :    313    316     60
   378 :    311    355    302
   379 :    301    338    275
   380 :     62    276     61
   381 :     59    318     58
   382 :     11    358    239
   383 :    316    318     59
   384 :    161    312    310
   385 :     88    359    179
   386 :     89    359     88
   387 :     58    320     57
   388 :    362    408    185
   389 :    307    321    229
   390 :    318    320     58
   391 :    271    360     70
   392 :    235    322    236
   393 :     46    335     45
   394 :     57    323     56
   395 :    162    319    312
   396 :    164    326    163
   397 :    320    323     57
   398 :     67    278      3
   399 :      9    267     71
   400 :     69    277     68
   401 :     68    314     67
   402 :     56    324     55
   403 :     17    315     16
   404 :    323    324     56
   405 :     55    325     54
   406 :    190    383    295
   407 :     18    346     17
   408 :    324    325     55
   409 :     54    327     53
   410 :    325    327     54
   411 :     53    329     52
   412 :    165    331    164
   413 :    163    326    319
   414 :    177    209    208
   415 :    327    329     53
   416 :     52    330     51
   417 :     45    335    207
   418 :    273    405    232
   419 :    329    330     52
   420 :     51    332     50
   421 :    288    364    289
   422 :    261    361    230
   423 :     50    333     49
   424 :    183    396    385
   425 :    228    365    290
   426 :    330    332     51
   427 :    166    336    165
   428 :     49    334     48
   429 :     70    360     69
   430 :    332    333     50
   431 :    164    331    326
   432 :    374    414    196
   433 :     48    337     47
   434 :    295    383    200
   435 :    333    334     49
   436 :    172    340    171
   437 :    173    317    172
   438 :    167    341    166
   439 :     47    339     46
   440 :    302    338    301
   441 :    334    337     48
   442 :     16    392      2
   443 :    337    339     47
   444 :    168    345    167
   445 :    165    336    331
   446 :    171    348    170
   447 :     27    342     26
   448 :    169    349    168
   449 :    190    413    382
   450 :    170    350    169
   451 :    185    395    362
   452 :    259    401    279
   453 :     26    344     25
   454 :     25    347     24
   455 :    342    344     26
   456 :     24    351     23
   457 :    257    396    264
   458 :    344    347     25
   459 :    166    341    336
   460 :    268    400    188
   461 :     23    352     22
   462 :    378    419    404
   463 :    105    358     11
   464 :    347    351     24
   465 :      0    260     66
   466 :     66    328     65
   467 :    296    417    311
   468 :     67    314    278
   469 :    277    314     68
   470 :     22    353     21
   471 :    351    352     23
   472 :     21    354     20
   473 :    340    348    171
   474 :    352    353     22
   475 :     20    356     19
   476 :    167    345    341
   477 :    353    354     21
   478 :     19    357     18
   479 :    354    356     20
   480 :    186    419    378
   481 :    168    349    345
   482 :    356    357     19
   483 :    348    350    170
   484 :    169    350    349
   485 :    237    398    307
   486 :      8    412    176
   487 :     15    406    175
   488 :    279    391    178
   489 :    388    422    203
   490 :     17    346    315
   491 :    338    384    189
   492 :    375    398    199
   493 :     69    360    277
   494 :    299    415    191
   495 :    363    417    296
   496 :    230    361    305
   497 :    234    362    235
   498 :    177    379    273
   499 :    289    364    297
   500 :    176    406     15
   501 :    263    365    228
   502 :    174    421    173
   503 :      0    269    260
   504 :    184    389    364
   505 :    305    404    233
   506 :    202    401    381
   507 :    185    408    369
   508 :    368    405    197
   509 :    260    328     66
   510 :     65    412      8
   511 :    278    366      3
   512 :     74    368    197
   513 :    185    369     92
   514 :    187    368     75
   515 :     91    369    195
   516 :     75    368     74
   517 :     97    370     96
   518 :     99    371     98
   519 :     92    369     91
   520 :     73    379     72
   521 :    179    375     87
   522 :     78    374    196
   523 :      4    373    100
   524 :     95    372     94
   525 :    194    370     97
   526 :    182    374     79
   527 :     86    375    199
   528 :     98    371    194
   529 :     96    370    181
   530 :     80    376    182
   531 :    199    377     85
   532 :    198    376     81
   533 :     84    377    186
   534 :    186    378     83
   535 :     87    375     86
   536 :     82    378    198
   537 :     79    374     78
   538 :     81    376     80
   539 :     85    377     84
   540 :     83    378     82
   541 :    188    371     99
   542 :    181    372     95
   543 :    100    373    188
   544 :    197    379     73
   545 :     94    372    193
   546 :    105    394    358
   547 :    149    380    189
   548 :    140    382    139
   549 :    156    386    155
   550 :    155    386    201
   551 :    150    380    149
   552 :    139    382    204
   553 :    136    388    135
   554 :    151    385    206
   555 :    141    383    190
   556 :    191    386    156
   557 :    142    383    141
   558 :    148    384    147
   559 :    184    388    136
   560 :    206    380    150
   561 :    152    385    151
   562 :    202    381    158
   563 :    133    387    192
   564 :    134    387    133
   565 :    154    390    153
   566 :    147    384    205
   567 :    190    382    140
   568 :    157    381    191
   569 :    158    381    157
   570 :    204    389    138
   571 :    137    389    184
   572 :    203    387    134
   573 :    138    389    137
   574 :    153    390    183
   575 :    200    383    142
   576 :    189    384    148
   577 :    135    388    203
   578 :    183    385    152
   579 :    201    390    154
   580 :    160    391    159
   581 :    159    391    202
   582 :     93    395    185
   583 :    192    393    132
   584 :    193    395     10
   585 :     12    394    105
   586 :     90    397     89
   587 :    132    393     13
   588 :    234    408    362
   589 :    265    415    299
   590 :    178    391    160
   591 :    205    402    146
   592 :    145    402    180
   593 :    193    410    362
   594 :    362    410    235
   595 :    281    400    268
   596 :     76    420    187
   597 :    196    420     77
   598 :     10    395     93
   599 :    143    411    200
   600 :    180    411    144
   601 :    274    396    257
   602 :    192    403    272
   603 :     72    379    177
   604 :    195    397     90
   605 :    322    407    283
   606 :    315    392     16
   607 :    175    399    174
   608 :      3    418    315
   609 :    204    413    297
   610 :    299    401    259
   611 :    146    402    145
   612 :    311    417    355
   613 :    365    397    195
   614 :    272    403    287
   615 :    232    405    308
   616 :     89    397    359
   617 :    392    418    207
   618 :    355    402    205
   619 :    180    402    355
   620 :    403    422    287
   621 :    261    414    361
   622 :    307    398    321
   623 :    283    409    281
   624 :    290    408    234
   625 :    181    407    322
   626 :    144    411    143
   627 :    297    413    294
   628 :    210    416    208
   629 :    362    395    193
   630 :    287    422    288
   631 :     77    420     76
   632 :    233    419    237
   633 :    207    418    366
   634 :    200    411    363
   635 :    363    411    180
   636 :    399    406    328
   637 :    187    420    367
   638 :    367    420    196
   639 :    235    410    322
   640 :    407    409    283
   641 :    281    409    400
   642 :    260    399    328
   643 :    355    417    180
   644 :    328    412     65
   645 :    188    400    371
   646 :    372    410    193
   647 :    361    414    182
   648 :    373    416    210
   649 :    387    403    192
   650 :    378    404    198
   651 :    175    406    399
   652 :    370    407    181
   653 :    182    414    374
   654 :    382    413    204
   655 :    315    418    392
   656 :    180    417    363
   657 :    366    418      3
   658 :    404    419    233
   659 :    269    421    260
   660 :    260    421    399
   661 :    191    415    386
   662 :      4    416    373
   663 :    406    412    328
   664 :    399    421    174
   665 :    176    412    406
   666 :     29    270      0
Number of domains 16
  Domain :      0 
  Name : Outer Disk
  Number of elements :     14
     0     1     2     3     4     5     6     7     8     9
    10    11    12    13
  Domain :      1 
  Name : Bottom
  Number of elements :     11
    14    15    16    17    18    19    20    21    22    23
    24
  Domain :      2 
  Name : Left
  Number of elements :     25
    25    26    27    28    29    30    31    32    33    34
    35    36    37    38    39    40    41    42    43    44
    45    46    47    48    49
  Domain :      3 
  Name : Right
  Number of elements :      3
    50    51    52
  Domain :      4 
  Name : Top
  Number of elements :      3
    53    54    55
  Domain :      5 
  Name : Inner Disk
  Number of elements :      6
    56    57    58    59    60    61
  Domain :      6 
  Name : Entity 46 
  Number of elements :     23
    62    63    64    65    66    67    68    69    70    71
    72    73    74    75    76    77    78    79    80    81
    82    83    84
  Domain :      7 
  Name : Entity 47 
  Number of elements :      8
    85    86    87    88    89    90    91    92
  Domain :      8 
  Name : Entity 48 
  Number of elements :      1
    93
  Domain :      9 
  Name : Entity 49 
  Number of elements :      5
    94    95    96    97    98
  Domain :     10 
  Name : Entity 50 
  Number of elements :      2
    99   100
  Domain :     11 
  Name : Entity 51 
  Number of elements :     17
   101   102   103   104   105   106   107   108   109   110
   111   112   113   114   115   116   117
  Domain :     12 
  Name : Entity 52 
  Number of elements :     11
   118   119   120   121   122   123   124   125   126   127
   128
  Domain :     13 
  Name : Entity 53 
  Number of elements :     30
   129   130   131   132   133   134   135   136   137   138
   139   140   141   142   143   144   145   146   147   148
   149   150   151   152   153   154   155   156   157   158
  Domain :     14 
  Name : Entity 54 
  Number of elements :     16
   159   160   161   162   163   164   165   166   167   168
   169   170   171   172   173   174
  Domain :     15 
  Name : Entity 55 
  Number of elements :      2
   175   176
