Number of nodes 962 
     0 :  1.2910362e+00 -9.1666667e-01 
     1 :  1.0875738e+00 -9.1666667e-01 
     2 :  1.8755826e+00  2.0872666e-01 
     3 :  1.9165119e+00 -2.3394758e-02 
     4 :  2.1698576e+00 -5.0039448e-01 
     5 :  1.7500000e+00  1.8807363e+00 
     6 :  1.4666667e+00  1.9750000e+00 
     7 :  1.7500000e+00  1.9750000e+00 
     8 :  1.5000000e+00 -9.1666667e-01 
     9 :  2.0043726e+00 -5.2167725e-01 
    10 :  2.6500000e+00 -1.0000000e+00 
    11 :  1.4363242e+00  1.8500000e+00 
    12 :  1.5861819e+00  1.8500000e+00 
    13 : -6.9933514e-03 -9.1666667e-01 
    14 : -6.9933514e-03 -1.0833333e+00 
    15 :  1.5000000e+00 -1.0833333e+00 
    16 :  1.8212337e+00  1.3110831e-01 
    17 :  1.7668847e+00  5.3489968e-02 
    18 :  1.7125358e+00 -2.4128375e-02 
    19 :  1.6581868e+00 -1.0174672e-01 
    20 :  1.6038379e+00 -1.7936506e-01 
    21 :  1.5494889e+00 -2.5698341e-01 
    22 :  1.4951400e+00 -3.3460175e-01 
    23 :  1.4407911e+00 -4.1222009e-01 
    24 :  1.3864554e+00 -4.8981945e-01 
    25 :  1.3357149e+00 -5.6228434e-01 
    26 :  1.2904517e+00 -6.2692689e-01 
    27 :  1.2495866e+00 -6.8528833e-01 
    28 :  1.2122902e+00 -7.3855311e-01 
    29 :  1.1779127e+00 -7.8764934e-01 
    30 :  1.1459356e+00 -8.3331728e-01 
    31 :  1.1159383e+00 -8.7615796e-01 
    32 :  1.3304865e+00 -8.6032581e-01 
    33 :  1.3731567e+00 -7.9938643e-01 
    34 :  1.4198472e+00 -7.3270549e-01 
    35 :  1.4715885e+00 -6.5881125e-01 
    36 :  1.5271442e+00 -5.7946951e-01 
    37 :  1.5827681e+00 -5.0003026e-01 
    38 :  1.6383921e+00 -4.2059101e-01 
    39 :  1.6940161e+00 -3.4115176e-01 
    40 :  1.7496400e+00 -2.6171251e-01 
    41 :  1.8052640e+00 -1.8227326e-01 
    42 :  1.8608880e+00 -1.0283401e-01 
    43 :  2.1530633e+00 -4.0514925e-01 
    44 :  2.1362690e+00 -3.0990402e-01 
    45 :  2.1194747e+00 -2.1465879e-01 
    46 :  2.1026804e+00 -1.1941355e-01 
    47 :  2.0858861e+00 -2.4168323e-02 
    48 :  2.0690918e+00  7.1076909e-02 
    49 :  2.0522975e+00  1.6632214e-01 
    50 :  2.0355032e+00  2.6156737e-01 
    51 :  2.0187089e+00  3.5681260e-01 
    52 :  2.0019146e+00  4.5205783e-01 
    53 :  1.9851203e+00  5.4730307e-01 
    54 :  1.9683260e+00  6.4254830e-01 
    55 :  1.9515316e+00  7.3779353e-01 
    56 :  1.9347373e+00  8.3303876e-01 
    57 :  1.9179430e+00  9.2828399e-01 
    58 :  1.9011487e+00  1.0235292e+00 
    59 :  1.8843544e+00  1.1187745e+00 
    60 :  1.8675601e+00  1.2140197e+00 
    61 :  1.8507658e+00  1.3092649e+00 
    62 :  1.8339715e+00  1.4045101e+00 
    63 :  1.8171772e+00  1.4997554e+00 
    64 :  1.8003829e+00  1.5950006e+00 
    65 :  1.7835886e+00  1.6902458e+00 
    66 :  1.7667943e+00  1.7854911e+00 
    67 :  1.6555556e+00  1.9750000e+00 
    68 :  1.5611111e+00  1.9750000e+00 
    69 :  1.4229044e+00 -9.1666667e-01 
    70 :  1.3537225e+00 -9.1666667e-01 
    71 :  1.9311554e+00 -1.0644184e-01 
    72 :  1.9457988e+00 -1.8948892e-01 
    73 :  1.9604422e+00 -2.7253601e-01 
    74 :  1.9750857e+00 -3.5558309e-01 
    75 :  1.9897291e+00 -4.3863017e-01 
    76 :  1.9157574e+00 -5.5826431e-01 
    77 :  1.8357542e+00 -6.1109178e-01 
    78 :  1.7673043e+00 -6.7821746e-01 
    79 :  1.7129242e+00 -7.5717348e-01 
    80 :  1.6746131e+00 -8.4505702e-01 
    81 :  1.6537797e+00 -9.3863705e-01 
    82 :  1.6511898e+00 -1.0344731e+00 
    83 :  1.6669387e+00 -1.1290417e+00 
    84 :  1.7004473e+00 -1.2188661e+00 
    85 :  1.7504837e+00 -1.3006439e+00 
    86 :  1.8152084e+00 -1.3713685e+00 
    87 :  1.8922417e+00 -1.4284398e+00 
    88 :  1.9787514e+00 -1.4697594e+00 
    89 :  2.0715571e+00 -1.4938084e+00 
    90 :  2.1672468e+00 -1.4997025e+00 
    91 :  2.2623024e+00 -1.4872250e+00 
    92 :  2.3532292e+00 -1.4568347e+00 
    93 :  2.4366842e+00 -1.4096488e+00 
    94 :  2.5095994e+00 -1.3474022e+00 
    95 :  2.5692938e+00 -1.2723834e+00 
    96 :  2.6135729e+00 -1.1873504e+00 
    97 :  2.6408087e+00 -1.0954294e+00 
    98 :  2.6408710e+00 -9.0489118e-01 
    99 :  2.6138172e+00 -8.1325536e-01 
   100 :  2.5698267e+00 -7.2843873e-01 
   101 :  2.5105058e+00 -6.5353846e-01 
   102 :  2.4380205e+00 -5.9128962e-01 
   103 :  2.3550179e+00 -5.4396529e-01 
   104 :  2.2645288e+00 -5.1329357e-01 
   105 :  1.4019425e+00  2.0083107e+00 
   106 :  1.3357362e+00  1.9780528e+00 
   107 :  1.3185650e+00  1.9073141e+00 
   108 :  1.3635312e+00  1.8500702e+00 
   109 :  1.5112530e+00  1.8500000e+00 
   110 :  1.6032054e+00  1.7534545e+00 
   111 :  1.6202290e+00  1.6569090e+00 
   112 :  1.6372526e+00  1.5603635e+00 
   113 :  1.6542762e+00  1.4638180e+00 
   114 :  1.6712997e+00  1.3672725e+00 
   115 :  1.6883233e+00  1.2707271e+00 
   116 :  1.7053469e+00  1.1741816e+00 
   117 :  1.7223705e+00  1.0776361e+00 
   118 :  1.7393940e+00  9.8109058e-01 
   119 :  1.7564176e+00  8.8454509e-01 
   120 :  1.7734412e+00  7.8799960e-01 
   121 :  1.7904648e+00  6.9145411e-01 
   122 :  1.8074883e+00  5.9490862e-01 
   123 :  1.8245119e+00  4.9836313e-01 
   124 :  1.8415355e+00  4.0181764e-01 
   125 :  1.8585591e+00  3.0527215e-01 
   126 :  1.0393295e+00 -9.1666667e-01 
   127 :  9.9394562e-01 -9.1666667e-01 
   128 :  9.5094715e-01 -9.1666667e-01 
   129 :  9.0993271e-01 -9.1666667e-01 
   130 :  8.7055798e-01 -9.1666667e-01 
   131 :  8.3252302e-01 -9.1666667e-01 
   132 :  7.9556220e-01 -9.1666667e-01 
   133 :  7.5943621e-01 -9.1666667e-01 
   134 :  7.2392540e-01 -9.1666667e-01 
   135 :  6.8882421e-01 -9.1666667e-01 
   136 :  6.5393625e-01 -9.1666667e-01 
   137 :  6.1906984e-01 -9.1666667e-01 
   138 :  5.8403376e-01 -9.1666667e-01 
   139 :  5.4863307e-01 -9.1666667e-01 
   140 :  5.1266469e-01 -9.1666667e-01 
   141 :  4.7591261e-01 -9.1666667e-01 
   142 :  4.3814250e-01 -9.1666667e-01 
   143 :  3.9909532e-01 -9.1666667e-01 
   144 :  3.5847969e-01 -9.1666667e-01 
   145 :  3.1596232e-01 -9.1666667e-01 
   146 :  2.7115597e-01 -9.1666667e-01 
   147 :  2.2360400e-01 -9.1666667e-01 
   148 :  1.7275976e-01 -9.1666667e-01 
   149 :  1.1795914e-01 -9.1666667e-01 
   150 :  5.8383328e-02 -9.1666667e-01 
   151 : -2.3432154e-02 -8.4872843e-01 
   152 : -5.0897779e-02 -7.8021102e-01 
   153 : -9.1643388e-02 -7.1147812e-01 
   154 : -1.4901603e-01 -6.4389572e-01 
   155 : -2.2455993e-01 -5.8270782e-01 
   156 : -3.1102514e-01 -5.3708694e-01 
   157 : -4.0471486e-01 -5.0916322e-01 
   158 : -5.0204732e-01 -5.0000419e-01 
   159 : -5.9930152e-01 -5.0995999e-01 
   160 : -6.9275943e-01 -5.3865002e-01 
   161 : -7.7884814e-01 -5.8497745e-01 
   162 : -8.5427649e-01 -6.4717119e-01 
   163 : -9.1616085e-01 -7.2285357e-01 
   164 : -9.6213539e-01 -8.0913126e-01 
   165 : -9.9044250e-01 -9.0270585e-01 
   166 : -1.0000000e+00 -1.0000000e+00 
   167 : -9.9044250e-01 -1.0972941e+00 
   168 : -9.6213539e-01 -1.1908687e+00 
   169 : -9.1616085e-01 -1.2771464e+00 
   170 : -8.5427649e-01 -1.3528288e+00 
   171 : -7.7884814e-01 -1.4150225e+00 
   172 : -6.9275943e-01 -1.4613500e+00 
   173 : -5.9930152e-01 -1.4900400e+00 
   174 : -5.0204732e-01 -1.4999958e+00 
   175 : -4.0471486e-01 -1.4908368e+00 
   176 : -3.1102514e-01 -1.4629131e+00 
   177 : -2.2455993e-01 -1.4172922e+00 
   178 : -1.4901603e-01 -1.3561043e+00 
   179 : -9.1643388e-02 -1.2885219e+00 
   180 : -5.0897779e-02 -1.2197890e+00 
   181 : -2.3432154e-02 -1.1512716e+00 
   182 :  5.8802597e-02 -1.0833333e+00 
   183 :  1.1872682e-01 -1.0833333e+00 
   184 :  1.7382353e-01 -1.0833333e+00 
   185 :  2.2492527e-01 -1.0833333e+00 
   186 :  2.7270640e-01 -1.0833333e+00 
   187 :  3.1772165e-01 -1.0833333e+00 
   188 :  3.6043403e-01 -1.0833333e+00 
   189 :  4.0123596e-01 -1.0833333e+00 
   190 :  4.4046507e-01 -1.0833333e+00 
   191 :  4.7841659e-01 -1.0833333e+00 
   192 :  5.1535299e-01 -1.0833333e+00 
   193 :  5.5151187e-01 -1.0833333e+00 
   194 :  5.8711241e-01 -1.0833333e+00 
   195 :  6.2236097e-01 -1.0833333e+00 
   196 :  6.5745593e-01 -1.0833333e+00 
   197 :  6.9259226e-01 -1.0833333e+00 
   198 :  7.2796584e-01 -1.0833333e+00 
   199 :  7.6377788e-01 -1.0833333e+00 
   200 :  8.0023955e-01 -1.0833333e+00 
   201 :  8.3757714e-01 -1.0833333e+00 
   202 :  8.7603796e-01 -1.0833333e+00 
   203 :  9.1589735e-01 -1.0833333e+00 
   204 :  9.5746725e-01 -1.0833333e+00 
   205 :  1.0011069e+00 -1.0833333e+00 
   206 :  1.0472365e+00 -1.0833333e+00 
   207 :  1.0963551e+00 -1.0833333e+00 
   208 :  1.1490645e+00 -1.0833333e+00 
   209 :  1.2061007e+00 -1.0833333e+00 
   210 :  1.2683786e+00 -1.0833333e+00 
   211 :  1.3370539e+00 -1.0833333e+00 
   212 :  1.4136120e+00 -1.0833333e+00 
   213 :  1.5000000e+00 -1.0000000e+00 
   214 : -7.5552694e-02 -1.1039709e+00 
   215 :  1.9915376e+00 -6.1290577e-01 
   216 : -8.9525097e-01 -8.8043323e-01 
   217 :  2.2922357e+00 -1.3999653e+00 
   218 : -3.1027149e-01 -6.2633469e-01 
   219 : -4.5674845e-01 -1.4207823e+00 
   220 :  2.5446192e+00 -8.7753603e-01 
   221 :  1.7436968e+00 -1.1534327e+00 
   222 : -8.2479952e-01 -1.2723343e+00 
   223 : -9.4927828e-02 -8.3762432e-01 
   224 :  2.3591356e+00 -6.3763492e-01 
   225 :  1.7698780e+00 -8.3429358e-01 
   226 :  2.5221270e+00 -1.1984972e+00 
   227 :  1.9564377e+00 -1.3809085e+00 
   228 : -6.1958719e-01 -6.0036581e-01 
   229 : -1.7908973e-01 -1.2740304e+00 
   230 :  6.3823714e-01 -9.4519039e-01 
   231 :  7.0644334e-01 -9.4527006e-01 
   232 :  5.6937477e-01 -1.0526962e+00 
   233 :  7.7792744e-01 -9.4816639e-01 
   234 :  4.9696799e-01 -1.0513950e+00 
   235 :  8.5140376e-01 -9.4953146e-01 
   236 :  4.2123012e-01 -1.0498129e+00 
   237 :  9.3520300e-01 -9.5155145e-01 
   238 :  6.7506098e-01 -1.0551543e+00 
   239 :  3.3928751e-01 -1.0465715e+00 
   240 :  1.1695363e+00 -1.0415862e+00 
   241 :  7.4882883e-01 -1.0529976e+00 
   242 :  5.3220102e-01 -9.4512566e-01 
   243 :  8.1711732e-01 -1.0498509e+00 
   244 :  1.0127135e+00 -9.5797679e-01 
   245 :  4.5575818e-01 -9.4914694e-01 
   246 :  2.4880509e-01 -1.0428839e+00 
   247 : -1.6437811e-01 -7.2623780e-01 
   248 :  8.9800513e-01 -1.0500706e+00 
   249 :  3.7327436e-01 -9.4474405e-01 
   250 :  1.1373445e+00 -9.2041878e-01 
   251 : -3.0429706e-01 -1.3686090e+00 
   252 :  2.4727228e+00 -7.5261201e-01 
   253 :  2.2060223e+00 -5.8883171e-01 
   254 :  1.8545422e+00 -1.2819703e+00 
   255 :  1.7372722e+00 -9.9096508e-01 
   256 :  1.8622994e+00 -7.1095306e-01 
   257 :  2.1181366e+00 -1.4195592e+00 
   258 :  2.4165026e+00 -1.3248977e+00 
   259 : -8.2619910e-01 -7.2765545e-01 
   260 : -8.8425966e-01 -1.1120667e+00 
   261 : -6.2288753e-01 -1.3945286e+00 
   262 : -4.6131304e-01 -5.8887610e-01 
   263 :  2.5629002e+00 -1.0397683e+00 
   264 :  1.4531339e-01 -1.0391472e+00 
   265 :  1.0717958e+00 -1.0420896e+00 
   266 :  9.7927022e-01 -1.0456595e+00 
   267 :  3.0084538e-01 -9.5945887e-01 
   268 :  1.2002495e+00 -8.3731901e-01 
   269 : -5.4976929e-02 -1.0380234e+00 
   270 : -1.3058540e-01 -1.0569320e+00 
   271 :  1.9829669e-01 -9.6040165e-01 
   272 :  2.5904623e-02 -1.0288949e+00 
   273 : -1.0872908e-01 -9.8678720e-01 
   274 : -1.8513867e-01 -1.0075649e+00 
   275 : -2.0288363e-01 -1.0782989e+00 
   276 : -2.5671792e-01 -1.0249342e+00 
   277 : -2.7538157e-01 -1.0991223e+00 
   278 : -3.1197092e-01 -1.0507430e+00 
   279 : -3.0565845e-01 -9.9870708e-01 
   280 : -3.4705385e-01 -1.0212202e+00 
   281 : -3.5715678e-01 -1.0605280e+00 
   282 : -3.8384879e-01 -1.0340403e+00 
   283 : -3.7818154e-01 -1.0012944e+00 
   284 : -4.0805901e-01 -1.0141926e+00 
   285 : -4.1754353e-01 -1.0446151e+00 
   286 : -4.3516097e-01 -1.0231805e+00 
   287 : -4.3005709e-01 -9.9820775e-01 
   288 : -4.5315412e-01 -1.0073530e+00 
   289 : -4.5793766e-01 -1.0284031e+00 
   290 : -4.4977253e-01 -9.8433273e-01 
   291 :  1.1106064e+00 -9.6192262e-01 
   292 :  1.9930748e+00  1.1449304e-01 
   293 :  1.3000950e+00 -1.0291847e+00 
   294 : -2.2468038e-01 -1.1369480e+00 
   295 : -2.8687346e-01 -1.1639146e+00 
   296 : -1.6203398e-01 -9.2935596e-01 
   297 :  1.2746359e+00 -7.4311447e-01 
   298 :  8.8242448e-02 -9.6249682e-01 
   299 :  1.3886911e+00 -9.7067988e-01 
   300 : -2.4166342e-01 -9.6019761e-01 
   301 : -2.9806010e-01 -9.4105376e-01 
   302 : -2.2387002e-01 -8.9166684e-01 
   303 :  2.0605609e+00 -5.8640290e-01 
   304 :  2.0672863e+00 -6.6508045e-01 
   305 :  1.1584991e+00 -9.6576128e-01 
   306 :  1.1949925e+00 -9.2341293e-01 
   307 :  1.2142775e+00 -9.7481987e-01 
   308 :  1.9900588e+00 -7.0114615e-01 
   309 :  2.0474642e+00 -7.4831399e-01 
   310 :  2.1127638e+00 -7.3252643e-01 
   311 :  2.0926035e+00 -7.9212754e-01 
   312 :  2.0405181e+00 -8.1190402e-01 
   313 :  2.0832099e+00 -8.4171928e-01 
   314 :  2.1289556e+00 -8.2915133e-01 
   315 :  2.1154515e+00 -8.6994339e-01 
   316 :  2.0797392e+00 -8.8252187e-01 
   317 :  2.1095566e+00 -9.0298384e-01 
   318 :  2.1392848e+00 -8.9373371e-01 
   319 :  2.1318837e+00 -9.2235881e-01 
   320 :  2.1066237e+00 -9.3146056e-01 
   321 :  2.1274558e+00 -9.4776627e-01 
   322 :  2.1502089e+00 -9.3989391e-01 
   323 :  2.1457700e+00 -9.6286087e-01 
   324 :  2.1046179e+00 -9.5694915e-01 
   325 :  2.0843773e+00 -9.4270494e-01 
   326 :  2.0815874e+00 -9.6772991e-01 
   327 :  2.0607478e+00 -9.5266025e-01 
   328 :  2.0577845e+00 -9.7861006e-01 
   329 :  2.0827766e+00 -9.9381446e-01 
   330 :  2.0563104e+00 -1.0047590e+00 
   331 :  2.0778793e+00 -1.0201190e+00 
   332 :  2.0534105e+00 -1.0310371e+00 
   333 :  2.0761093e+00 -1.0469677e+00 
   334 :  2.0505591e+00 -1.0583253e+00 
   335 :  2.0738187e+00 -1.0741140e+00 
   336 :  2.0988123e+00 -1.0623861e+00 
   337 :  2.0969899e+00 -1.0905223e+00 
   338 :  2.1193244e+00 -1.0771514e+00 
   339 :  2.1200402e+00 -1.1047896e+00 
   340 :  2.1435806e+00 -1.0877409e+00 
   341 :  2.0342757e+00 -9.6306972e-01 
   342 :  2.0272660e+00 -1.0405108e+00 
   343 :  2.1434333e+00 -1.1195072e+00 
   344 :  2.1686390e+00 -1.1058989e+00 
   345 :  2.1699400e+00 -1.0781935e+00 
   346 :  2.1667982e+00 -9.5607512e-01 
   347 :  2.1934599e+00 -1.0929524e+00 
   348 :  2.1944848e+00 -1.0656965e+00 
   349 :  2.2173074e+00 -1.0797457e+00 
   350 :  2.2184664e+00 -1.0523933e+00 
   351 :  2.2412693e+00 -1.0686298e+00 
   352 :  2.2422188e+00 -1.0400504e+00 
   353 :  2.2178057e+00 -1.1105693e+00 
   354 :  2.2678941e+00 -1.0565081e+00 
   355 :  2.2676379e+00 -1.0225623e+00 
   356 :  2.0696649e+00 -1.1063298e+00 
   357 :  2.2974143e+00 -1.0399911e+00 
   358 :  2.2959151e+00 -1.0773750e+00 
   359 :  2.2977488e+00 -1.0054743e+00 
   360 :  2.2677438e+00 -9.8897348e-01 
   361 :  2.2974650e+00 -9.7120935e-01 
   362 :  2.2672282e+00 -9.5399881e-01 
   363 :  2.2976811e+00 -9.3604124e-01 
   364 :  2.2663250e+00 -9.1890416e-01 
   365 :  2.1681738e+00 -1.1369341e+00 
   366 :  2.1390365e+00 -1.1523454e+00 
   367 :  2.1720073e+00 -1.1731657e+00 
   368 :  2.2980514e+00 -8.9875430e-01 
   369 :  2.2637139e+00 -8.7990884e-01 
   370 :  2.3323219e+00 -9.8488059e-01 
   371 :  2.1622867e+00 -9.7732512e-01 
   372 :  2.1725446e+00 -9.3372712e-01 
   373 :  2.1321285e+00 -1.1918658e+00 
   374 :  2.0232730e+00 -1.0727440e+00 
   375 :  1.9946603e+00 -1.0513482e+00 
   376 :  1.9916733e+00 -1.0945944e+00 
   377 :  2.2996226e+00 -8.5727920e-01 
   378 :  2.2606816e+00 -8.3558044e-01 
   379 :  1.9554719e+00 -1.0684405e+00 
   380 :  1.9621930e+00 -1.0245527e+00 
   381 :  2.1177748e+00 -1.0518112e+00 
   382 :  2.3326267e+00 -1.0552174e+00 
   383 :  2.3293267e+00 -1.1020012e+00 
   384 :  2.1823431e+00 -9.7315499e-01 
   385 :  2.1422828e+00 -9.8416050e-01 
   386 :  2.1581629e+00 -9.9774389e-01 
   387 :  2.1691647e+00 -1.2163705e+00 
   388 :  2.2123922e+00 -1.1941199e+00 
   389 :  2.3325748e+00 -9.1849591e-01 
   390 :  2.3748762e+00 -1.0748671e+00 
   391 :  1.9498183e+00 -1.1147371e+00 
   392 :  1.9925305e+00 -1.1429787e+00 
   393 :  2.1261090e+00 -1.2391286e+00 
   394 :  1.9162467e+00 -1.0415326e+00 
   395 :  1.9233610e+00 -9.8923087e-01 
   396 :  2.0384073e+00 -9.3334212e-01 
   397 :  2.3003279e+00 -8.0525383e-01 
   398 :  2.3468589e+00 -8.3506964e-01 
   399 :  2.2505079e+00 -7.8486888e-01 
   400 :  2.2182206e+00 -1.0269949e+00 
   401 :  2.3705841e+00 -1.1301656e+00 
   402 :  2.0093620e+00 -9.4497697e-01 
   403 :  2.0131070e+00 -9.1066258e-01 
   404 :  2.1719861e+00 -1.0529191e+00 
   405 :  2.2238411e+00 -8.6132780e-01 
   406 :  2.3175089e+00 -1.1495569e+00 
   407 :  1.9771749e+00 -9.2378943e-01 
   408 :  1.9846221e+00 -8.7990759e-01 
   409 :  1.9366841e+00 -8.9938407e-01 
   410 :  1.9438890e+00 -8.4834807e-01 
   411 :  2.0859106e+00 -1.2071239e+00 
   412 :  2.2105446e+00 -1.2452200e+00 
   413 :  2.1388829e+00 -1.0046659e+00 
   414 :  2.2387853e+00 -9.3861282e-01 
   415 :  1.9402386e+00 -1.1696602e+00 
   416 :  2.0726485e+00 -1.2570433e+00 
   417 :  2.1233716e+00 -9.9168700e-01 
   418 :  2.1201347e+00 -1.0091416e+00 
   419 :  1.9914382e+00 -1.1962802e+00 
   420 :  2.3502337e+00 -7.7472336e-01 
   421 :  2.4224981e+00 -1.1039977e+00 
   422 :  2.4245755e+00 -1.0403770e+00 
   423 :  1.8702124e+00 -1.0035749e+00 
   424 :  2.2564681e+00 -1.2189188e+00 
   425 :  2.1544687e+00 -1.0182583e+00 
   426 :  2.1732596e+00 -1.0112915e+00 
   427 :  2.3614974e+00 -1.1905174e+00 
   428 :  1.8943126e+00 -1.1288065e+00 
   429 :  1.8899028e+00 -8.6851697e-01 
   430 :  2.2579491e+00 -1.2770576e+00 
   431 :  2.1982856e+00 -1.3005211e+00 
   432 :  2.0055275e+00 -9.7631629e-01 
   433 :  1.9915672e+00 -7.7619309e-01 
   434 :  1.9384889e+00 -1.2272812e+00 
   435 :  2.1466079e+00 -7.8062970e-01 
   436 :  2.1740209e+00 -7.3119250e-01 
   437 :  2.1726378e+00 -8.2019541e-01 
   438 : -3.3106059e-01 -1.0929415e+00 
   439 : -3.4190588e-01 -1.1622288e+00 
   440 :  2.0348952e+00 -8.6580534e-01 
   441 :  2.0062165e+00 -1.2623751e+00 
   442 :  1.8872347e+00 -9.3745723e-01 
   443 :  2.1509946e+00 -1.0607204e+00 
   444 :  1.3663456e+00 -6.3190027e-01 
   445 : -3.4771904e-01 -9.7486339e-01 
   446 : -3.4466164e-01 -9.2895911e-01 
   447 : -3.1104641e-01 -8.9583668e-01 
   448 : -3.6057553e-01 -8.8810256e-01 
   449 : -3.2251836e-01 -8.4985708e-01 
   450 : -3.7005753e-01 -8.3853831e-01 
   451 : -4.0345490e-01 -8.6991246e-01 
   452 : -4.1475679e-01 -8.2782422e-01 
   453 : -4.4334804e-01 -8.5856766e-01 
   454 : -4.5612811e-01 -8.1826628e-01 
   455 : -4.8492993e-01 -8.5442723e-01 
   456 : -4.7042783e-01 -9.9265498e-01 
   457 : -4.9694289e-01 -8.0976562e-01 
   458 : -5.2355008e-01 -8.4097920e-01 
   459 : -5.1555465e-01 -8.7724277e-01 
   460 : -5.4861529e-01 -8.6879979e-01 
   461 : -5.3804273e-01 -8.9853062e-01 
   462 : -5.6950347e-01 -8.9354089e-01 
   463 : -5.5853302e-01 -9.2342751e-01 
   464 : -5.8924977e-01 -9.1706909e-01 
   465 : -5.7813724e-01 -9.4672553e-01 
   466 : -6.0937206e-01 -9.3957687e-01 
   467 : -5.9990815e-01 -9.6963659e-01 
   468 : -6.2981581e-01 -9.6228659e-01 
   469 : -6.2057987e-01 -9.9195227e-01 
   470 : -5.9111342e-01 -9.9829435e-01 
   471 : -6.0951485e-01 -1.0198513e+00 
   472 : -5.8206857e-01 -1.0245813e+00 
   473 : -6.0002463e-01 -1.0464420e+00 
   474 : -5.7402970e-01 -1.0493674e+00 
   475 : -5.9006479e-01 -1.0728918e+00 
   476 : -5.5974134e-01 -1.0733872e+00 
   477 : -5.8028342e-01 -1.1003838e+00 
   478 : -5.5150176e-01 -1.1051591e+00 
   479 : -6.1730063e-01 -1.0705727e+00 
   480 : -6.5294588e-01 -9.8414197e-01 
   481 : -5.7104801e-01 -1.1310018e+00 
   482 : -5.3628759e-01 -1.1360025e+00 
   483 : -5.8077535e-01 -8.6283358e-01 
   484 : -6.3539328e-01 -9.3487490e-01 
   485 : -5.3821035e-01 -7.9940479e-01 
   486 : -4.6693241e-01 -9.7096625e-01 
   487 : -4.8677639e-01 -9.7881566e-01 
   488 : -4.9050754e-01 -9.9934492e-01 
   489 : -5.6078064e-01 -1.1664580e+00 
   490 : -5.2296832e-01 -1.1727140e+00 
   491 : -4.9939086e-01 -1.1419566e+00 
   492 : -6.0022812e-01 -1.1590549e+00 
   493 : -4.8434188e-01 -1.1779660e+00 
   494 : -5.0612032e-01 -9.8607254e-01 
   495 : -5.3407440e-01 -1.0814214e+00 
   496 : -4.4719548e-01 -9.6277072e-01 
   497 : -5.0962829e-01 -1.0059906e+00 
   498 : -4.8335321e-01 -9.5770134e-01 
   499 : -5.0960235e-01 -1.2138915e+00 
   500 : -4.6186853e-01 -1.2201415e+00 
   501 : -5.8681494e-01 -1.1990792e+00 
   502 : -4.2791619e-01 -7.8449183e-01 
   503 : -5.0679488e-01 -7.6245172e-01 
   504 : -6.3353474e-01 -1.1910361e+00 
   505 : -5.2522063e-01 -9.9303638e-01 
   506 : -5.2180743e-01 -9.7267826e-01 
   507 : -4.6172125e-01 -1.1467905e+00 
   508 : -4.7441026e-01 -1.1138678e+00 
   509 : -4.4135370e-01 -1.1180893e+00 
   510 : -5.2816012e-01 -1.0125155e+00 
   511 : -5.1296802e-01 -1.0261869e+00 
   512 : -5.5737372e-01 -7.5078624e-01 
   513 : -5.4109356e-01 -9.7866556e-01 
   514 : -3.3428572e-01 -7.9711225e-01 
   515 : -6.4617686e-01 -1.1426218e+00 
   516 : -6.8394384e-01 -1.1785071e+00 
   517 : -6.9886053e-01 -1.1253533e+00 
   518 : -6.7511039e-01 -1.2282679e+00 
   519 : -4.9212145e-01 -1.2619491e+00 
   520 : -4.3300663e-01 -8.9514313e-01 
   521 : -5.0844796e-01 -9.0723651e-01 
   522 : -4.3592799e-01 -1.2693625e+00 
   523 : -4.5546322e-01 -1.0890418e+00 
   524 : -4.2713811e-01 -1.0912791e+00 
   525 : -5.3552943e-01 -1.0330491e+00 
   526 : -4.8459573e-01 -1.0809980e+00 
   527 : -5.1685178e-01 -1.0468769e+00 
   528 : -4.9729483e-01 -1.0399565e+00 
   529 : -4.2525368e-01 -1.1499604e+00 
   530 : -5.9140354e-01 -7.9630858e-01 
   531 : -6.1372899e-01 -7.3860151e-01 
   532 : -6.5324357e-01 -7.8529853e-01 
   533 : -6.7698120e-01 -7.2250570e-01 
   534 : -7.4157103e-01 -1.1642561e+00 
   535 : -7.5586590e-01 -1.1065530e+00 
   536 : -7.0966580e-01 -1.0731699e+00 
   537 : -7.5862845e-01 -1.0463271e+00 
   538 : -5.1969542e-01 -7.0610060e-01 
   539 : -2.7953705e-01 -8.1087027e-01 
   540 : -4.0527884e-01 -1.2187003e+00 
   541 : -7.2446699e-01 -9.9627612e-01 
   542 : -7.7908894e-01 -9.8868719e-01 
   543 : -7.3571402e-01 -9.4629689e-01 
   544 : -5.3805031e-01 -9.5682078e-01 
   545 : -5.1768611e-01 -9.5145879e-01 
   546 : -4.0073904e-01 -9.0676613e-01 
   547 : -4.6545140e-01 -8.8781331e-01 
   548 : -4.5683949e-01 -9.2118048e-01 
   549 : -8.3576773e-01 -1.0363996e+00 
   550 : -3.7786805e-01 -9.5314934e-01 
   551 : -3.7561318e-01 -1.2728585e+00 
   552 : -2.9135863e-01 -7.5076012e-01 
   553 : -3.5646786e-01 -7.4220351e-01 
   554 : -5.0172145e-01 -1.1084889e+00 
   555 : -7.9260870e-01 -9.2845521e-01 
   556 : -7.4500695e-01 -8.8568897e-01 
   557 : -5.6382558e-01 -1.0046724e+00 
   558 : -5.7342842e-01 -9.7862455e-01 
   559 : -4.6571004e-01 -1.0666097e+00 
   560 : -7.2005895e-01 -7.7899132e-01 
   561 : -4.2845275e-01 -9.2711563e-01 
   562 : -5.5360365e-01 -1.2466549e+00 
   563 : -5.2985667e-01 -1.3075047e+00 
   564 : -6.0427017e-01 -1.3086233e+00 
   565 :  1.3995078e+00  1.9251195e+00 
   566 :  2.2594690e+00 -1.1638691e+00 
   567 :  1.8931895e+00 -8.0015493e-01 
   568 :  2.1513519e+00 -8.5941359e-01 
   569 :  2.1712099e+00 -8.8724098e-01 
   570 :  2.4039474e+00 -8.1071493e-01 
   571 :  2.3797608e+00 -8.8008692e-01 
   572 :  2.0976560e+00 -1.0365354e+00 
   573 :  2.1480601e+00 -6.7279710e-01 
   574 : -4.4078598e-01 -1.0648634e+00 
   575 : -3.9379006e-01 -1.0647281e+00 
   576 : -3.7524142e-01 -1.0948998e+00 
   577 :  2.2399730e+00 -9.6931205e-01 
   578 :  2.2125320e+00 -9.5360475e-01 
   579 :  2.2175089e+00 -9.8118197e-01 
   580 :  2.2110746e+00 -9.2281992e-01 
   581 :  2.2357646e+00 -9.0518029e-01 
   582 :  2.2056347e+00 -8.9731799e-01 
   583 :  2.1933224e+00 -1.0381178e+00 
   584 :  2.2237429e+00 -6.7168683e-01 
   585 : -4.5881250e-01 -7.2973501e-01 
   586 :  2.3112347e+00 -1.2422540e+00 
   587 : -3.3923350e-01 -1.2175139e+00 
   588 : -2.5920392e-01 -1.2465965e+00 
   589 :  2.2392207e+00 -9.9443166e-01 
   590 : -4.0619973e-01 -9.8765589e-01 
   591 :  2.1279290e+00 -1.2932012e+00 
   592 :  2.0703656e+00 -1.3286663e+00 
   593 : -5.3670364e-01 -1.0579646e+00 
   594 :  1.8717580e+00 -1.0697109e+00 
   595 :  1.6755061e+00  1.8154406e+00 
   596 :  2.0445300e+00 -1.1701331e+00 
   597 :  1.8140715e+00 -9.6136938e-01 
   598 : -8.0938213e-01 -1.1467891e+00 
   599 :  2.0754176e+00 -4.6388913e-01 
   600 : -8.0855889e-01 -8.6293967e-01 
   601 : -6.9497596e-01 -9.0176635e-01 
   602 : -6.9080957e-01 -8.4093527e-01 
   603 : -6.4817039e-01 -8.7592022e-01 
   604 :  1.2573325e+00 -8.5581594e-01 
   605 : -4.2435895e-01 -1.3398237e+00 
   606 : -5.3482280e-01 -9.3698049e-01 
   607 :  2.1986047e+00 -1.0149191e+00 
   608 : -4.7422359e-01 -1.0140514e+00 
   609 :  2.1042657e+00 -9.7947383e-01 
   610 : -1.5033227e-01 -1.1376227e+00 
   611 : -5.0178907e-01 -1.0615704e+00 
   612 : -6.6554079e-01 -1.0879589e+00 
   613 : -6.6858375e-01 -1.0456702e+00 
   614 : -5.5895549e-01 -1.0290809e+00 
   615 :  2.2142173e+00 -8.2287992e-01 
   616 :  2.1529227e+00 -1.0379546e+00 
   617 :  8.7256521e-02 -1.0343858e+00 
   618 :  1.2295171e+00 -1.0276757e+00 
   619 :  2.4851996e+00 -1.0743608e+00 
   620 :  2.4845011e+00 -1.0037664e+00 
   621 :  2.4236657e+00 -9.7602933e-01 
   622 :  1.1371205e+00 -1.0028109e+00 
   623 :  2.4792117e+00 -9.3217456e-01 
   624 :  1.9913404e-01 -1.0419973e+00 
   625 :  2.0655715e+00 -3.7499087e-01 
   626 :  1.4483667e-01 -9.6127628e-01 
   627 :  2.4605377e+00 -8.5429592e-01 
   628 :  1.9411715e+00 -1.3046302e+00 
   629 :  1.9902377e+00 -8.3036608e-01 
   630 :  2.0522382e+00 -9.0607788e-01 
   631 :  1.0254553e+00 -1.0424293e+00 
   632 :  1.0432473e+00 -1.0016329e+00 
   633 :  9.9849824e-01 -1.0045130e+00 
   634 :  9.5794731e-01 -1.0114533e+00 
   635 :  9.6942714e-01 -9.7439695e-01 
   636 :  1.4276419e+00 -5.6980065e-01 
   637 :  2.9576674e-01 -1.0447154e+00 
   638 :  3.1851051e-01 -1.0054670e+00 
   639 :  3.6160822e-01 -1.0113215e+00 
   640 :  2.7485226e-01 -1.0039238e+00 
   641 :  3.4682865e-01 -9.7370371e-01 
   642 :  2.4928857e-01 -9.6033585e-01 
   643 :  9.3793051e-01 -1.0487458e+00 
   644 :  3.8123578e-01 -1.0483113e+00 
   645 :  1.3155098e+00 -6.8799604e-01 
   646 :  8.9074062e-01 -9.5059759e-01 
   647 :  8.6916192e-01 -9.8300475e-01 
   648 :  8.3175729e-01 -9.8120636e-01 
   649 :  8.4787192e-01 -1.0151469e+00 
   650 :  9.0640560e-01 -9.8359031e-01 
   651 :  8.1141118e-01 -1.0131562e+00 
   652 :  7.8260341e-01 -1.0337178e+00 
   653 :  7.5403711e-01 -1.0162982e+00 
   654 :  7.2074308e-01 -1.0263235e+00 
   655 :  7.2367648e-01 -9.9458512e-01 
   656 :  6.9317232e-01 -1.0048280e+00 
   657 :  7.5711409e-01 -9.7965153e-01 
   658 :  1.6934097e+00  1.7216514e+00 
   659 :  4.5973671e-01 -1.0505937e+00 
   660 :  4.7930142e-01 -1.0188766e+00 
   661 :  5.1607136e-01 -1.0202298e+00 
   662 :  4.9885098e-01 -9.8789163e-01 
   663 :  5.3512390e-01 -9.9044142e-01 
   664 :  4.4171184e-01 -1.0173399e+00 
   665 :  4.0321957e-01 -1.0155921e+00 
   666 :  4.2632106e-01 -9.8303109e-01 
   667 :  1.4818672e+00 -4.9557148e-01 
   668 :  5.6798381e-01 -9.4455093e-01 
   669 :  1.2372472e+00 -7.9415758e-01 
   670 :  2.0250414e+00 -2.1833087e-01 
   671 :  1.9957545e+00 -5.2236707e-02 
   672 :  8.1423040e-01 -9.4849330e-01 
   673 :  4.9364262e-01 -9.5315237e-01 
   674 :  2.9862941e-02 -9.6754164e-01 
   675 :  6.0475507e-01 -1.0528024e+00 
   676 :  5.8727779e-01 -1.0222025e+00 
   677 :  6.2247260e-01 -1.0223407e+00 
   678 :  6.0505009e-01 -9.9258469e-01 
   679 :  6.3944857e-01 -9.9653595e-01 
   680 :  5.3352095e-01 -1.0521480e+00 
   681 :  2.3221098e+00 -1.3157561e+00 
   682 :  1.8650457e+00  4.5531579e-02 
   683 :  7.4144067e-01 -9.4551841e-01 
   684 :  2.0343530e+00 -1.1163260e+00 
   685 : -8.5553119e-01 -9.6182613e-01 
   686 : -9.1617265e-01 -1.0275609e+00 
   687 :  6.0327891e-01 -9.4408721e-01 
   688 :  6.3995550e-01 -1.0532282e+00 
   689 :  5.5191185e-01 -1.0215700e+00 
   690 :  6.7286559e-01 -9.4494305e-01 
   691 :  6.6150652e-01 -1.0231146e+00 
   692 :  2.2106251e+00 -1.1464076e+00 
   693 :  1.8096538e+00 -1.0370764e+00 
   694 :  1.0630735e+00 -9.5873599e-01 
   695 :  2.1248300e+00 -9.7045686e-01 
   696 :  8.5697406e-01 -1.0507963e+00 
   697 :  2.0814073e+00 -9.1374463e-01 
   698 :  1.3016601e+00 -8.0026764e-01 
   699 :  1.8716374e+00 -1.1966034e+00 
   700 :  5.7012657e-01 -9.9280975e-01 
   701 :  4.6366446e-01 -9.8590355e-01 
   702 :  2.1777480e+00 -9.9166704e-01 
   703 :  1.5360840e+00 -4.1862774e-01 
   704 :  1.7105216e+00  1.6262253e+00 
   705 :  2.0000861e+00 -1.3718238e-01 
   706 :  1.7274997e+00  1.5305261e+00 
   707 :  2.1573317e+00 -9.1436441e-01 
   708 :  1.5912999e+00 -3.4006958e-01 
   709 :  2.1876984e+00 -8.5465486e-01 
   710 :  2.1007531e+00 -1.0142461e+00 
   711 : -6.4396804e-01 -1.0146448e+00 
   712 :  1.8096787e+00 -2.7613707e-02 
   713 :  2.1366866e+00 -1.0233884e+00 
   714 :  1.7444539e+00  1.4347811e+00 
   715 : -4.9365077e-01 -1.0200380e+00 
   716 :  1.6459058e+00 -2.6180088e-01 
   717 : -5.0241242e-01 -9.6522027e-01 
   718 :  1.7614023e+00  1.3390281e+00 
   719 :  1.7004489e+00 -1.8357353e-01 
   720 :  1.7783481e+00  1.2432736e+00 
   721 :  7.9620868e-01 -9.7872228e-01 
   722 :  2.2886941e+00 -1.1173820e+00 
   723 :  2.1828895e+00 -9.1217525e-01 
   724 :  1.7952917e+00  1.1475184e+00 
   725 :  1.7556446e+00 -1.0501594e-01 
   726 :  1.8122332e+00  1.0517629e+00 
   727 :  1.9666406e+00  1.9406031e-01 
   728 :  1.8291726e+00  9.5600698e-01 
   729 : -3.3007846e-02 -9.7495973e-01 
   730 : -7.7915669e-02 -9.1931657e-01 
   731 :  1.3271288e+00 -9.7441766e-01 
   732 :  1.8461100e+00  8.6025071e-01 
   733 :  2.1692545e+00 -1.0308180e+00 
   734 :  1.8630454e+00  7.6449407e-01 
   735 : -1.6708673e-01 -8.5841414e-01 
   736 : -6.8805564e-01 -9.5571087e-01 
   737 :  2.0989399e+00 -1.1612062e+00 
   738 :  2.1878520e+00 -9.5289500e-01 
   739 :  1.8799787e+00  6.6873707e-01 
   740 :  1.8259018e+00 -8.9120901e-01 
   741 : -5.4327517e-01 -9.9889591e-01 
   742 :  1.8969099e+00  5.7297971e-01 
   743 : -4.2865884e-01 -9.7417106e-01 
   744 : -4.0601814e-01 -9.6187440e-01 
   745 :  1.9144662e+00  4.7973515e-01 
   746 :  1.1655703e+00 -8.7898814e-01 
   747 :  1.9314911e+00  3.8443354e-01 
   748 :  2.1970633e+00 -7.7909030e-01 
   749 :  2.0329277e+00 -9.9041519e-01 
   750 :  2.0055391e+00 -1.0115957e+00 
   751 :  1.9484025e+00  2.8813278e-01 
   752 : -4.6388647e-01 -9.4996615e-01 
   753 : -4.7993061e-01 -9.3457383e-01 
   754 : -4.8140172e-01 -9.1043275e-01 
   755 :  2.5603505e+00 -9.5968942e-01 
   756 :  1.6503516e+00  1.9009075e+00 
   757 :  2.0686354e+00 -1.1354361e+00 
   758 :  4.1733431e-01 -9.4757843e-01 
   759 : -4.0106862e-01 -1.1163501e+00 
   760 :  2.3690147e+00 -1.0140581e+00 
   761 :  8.8290240e-01 -1.0168723e+00 
   762 : -7.4792711e-01 -7.1018423e-01 
   763 : -7.0474742e-01 -6.4049987e-01 
   764 :  1.4724938e+00  1.9015239e+00 
   765 :  2.2422275e-01 -1.0013219e+00 
   766 :  2.2478294e+00 -1.1224069e+00 
   767 : -6.3026823e-01 -8.3108767e-01 
   768 : -1.2721762e-01 -1.2164477e+00 
   769 :  2.0469807e+00 -2.9100061e-01 
   770 :  1.2660654e+00 -9.8453371e-01 
   771 : -5.5877382e-01 -9.6219715e-01 
   772 : -6.3081694e-01 -1.1039106e+00 
   773 :  2.0395238e+00 -1.2173909e+00 
   774 :  2.2635007e+00 -1.0936353e+00 
   775 :  2.0956893e+00 -1.1231851e+00 
   776 :  2.5323047e+00 -8.0522761e-01 
   777 : -8.6764478e-01 -8.0199794e-01 
   778 : -5.1316048e-01 -9.2970246e-01 
   779 : -5.5986067e-01 -8.3616295e-01 
   780 : -4.4459745e-01 -1.1817416e+00 
   781 :  2.2316357e+00 -7.3422308e-01 
   782 :  2.2992149e+00 -7.4781139e-01 
   783 : -4.7782958e-01 -6.6877848e-01 
   784 : -4.0243860e-01 -6.7769700e-01 
   785 : -5.4706259e-01 -6.4275918e-01 
   786 : -3.7795263e-01 -5.8783159e-01 
   787 : -4.7846869e-01 -1.0334324e+00 
   788 :  1.7916195e+00 -1.2132266e+00 
   789 :  2.2176025e+00 -1.0046157e+00 
   790 :  2.1978353e+00 -9.9350869e-01 
   791 :  1.9453720e+00 -9.4878625e-01 
   792 :  1.9651001e+00 -9.8371383e-01 
   793 : -6.0327542e-01 -8.8668641e-01 
   794 :  1.2393225e+00 -9.0393343e-01 
   795 : -5.1082420e-01 -1.0837173e+00 
   796 :  2.2856739e+00 -6.0558881e-01 
   797 :  1.9199814e+00 -6.5418556e-01 
   798 :  1.3650710e+00 -1.0273693e+00 
   799 : -2.3826818e-01 -1.3230668e+00 
   800 :  1.7202453e-01 -1.0011077e+00 
   801 :  2.1931130e+00 -1.1201166e+00 
   802 :  1.7376948e+00 -1.0740003e+00 
   803 :  6.9267894e-01 -9.7535867e-01 
   804 :  1.9334016e+00 -7.4285823e-01 
   805 :  1.8123710e+00 -7.7090768e-01 
   806 :  2.3569887e+00 -7.0967864e-01 
   807 :  2.4230555e+00 -6.8257111e-01 
   808 :  2.5489643e+00 -1.1211831e+00 
   809 :  1.9749620e+00  3.5268842e-02 
   810 : -2.3989332e-01 -6.8488042e-01 
   811 :  7.1010565e-01 -1.0569315e+00 
   812 :  1.7459194e+00 -9.1025519e-01 
   813 : -1.1506708e-01 -7.7021764e-01 
   814 : -6.1736217e-01 -1.2431195e+00 
   815 : -3.7548561e-01 -1.4016287e+00 
   816 : -6.0422482e-01 -1.1235772e+00 
   817 : -5.4178556e-01 -1.4216121e+00 
   818 : -8.6339845e-01 -1.2015882e+00 
   819 : -6.3145846e-01 -1.0432303e+00 
   820 :  3.8850189e-01 -9.8065781e-01 
   821 : -4.9865243e-01 -9.4370399e-01 
   822 : -6.2438564e-01 -9.1000063e-01 
   823 :  1.3432912e+00 -7.4256845e-01 
   824 :  2.0503337e+00 -1.0855678e+00 
   825 : -8.5701195e-02 -1.1660742e+00 
   826 :  2.2085923e+00 -1.4164937e+00 
   827 :  2.0331229e+00 -1.4023518e+00 
   828 :  2.4734724e+00 -1.2672651e+00 
   829 :  2.4409849e+00 -1.2049940e+00 
   830 :  2.3639184e+00 -1.3802466e+00 
   831 : -3.1139751e-01 -1.2925753e+00 
   832 : -7.6834399e-01 -1.3351705e+00 
   833 : -7.3006811e-01 -1.2673529e+00 
   834 : -6.8131581e-01 -1.3306213e+00 
   835 : -3.8312352e-01 -1.1525639e+00 
   836 :  9.2049089e-01 -1.0154838e+00 
   837 : -6.3114601e-01 -6.7365490e-01 
   838 : -3.8551896e-01 -7.8773738e-01 
   839 :  1.9113126e+00  1.1983108e-01 
   840 : -4.4277971e-01 -1.0426575e+00 
   841 :  2.2986657e+00 -1.1919083e+00 
   842 :  2.3842606e+00 -1.2562170e+00 
   843 : -7.5059442e-01 -8.3137582e-01 
   844 : -5.7380134e-01 -7.0238049e-01 
   845 :  1.4355845e+00 -1.0224136e+00 
   846 :  2.3257425e+00 -9.5078053e-01 
   847 :  2.3680441e+00 -9.4978701e-01 
   848 : -4.6931891e-01 -7.8094209e-01 
   849 :  2.3258253e+00 -1.0199243e+00 
   850 : -6.8380954e-01 -1.0047676e+00 
   851 : -4.0303072e-01 -9.3676478e-01 
   852 : -3.7594477e-01 -9.2548222e-01 
   853 :  1.9175215e+00 -1.0846455e+00 
   854 :  1.8205427e+00 -1.1255937e+00 
   855 :  1.0895765e+00 -1.0029719e+00 
   856 : -8.0878078e-01 -1.0896271e+00 
   857 :  1.5487174e+00  1.9075001e+00 
   858 : -2.7462578e-01 -8.6293575e-01 
   859 : -2.0487342e-01 -1.2007041e+00 
   860 :  2.1664066e+00 -1.2588883e+00 
   861 : -5.4675398e-01 -1.1997595e+00 
   862 :  2.1583953e+00 -1.3537507e+00 
   863 : -2.2653596e-01 -7.6967395e-01 
   864 : -4.4458119e-01 -9.4153970e-01 
   865 :  1.1189081e+00 -1.0426875e+00 
   866 :  7.8027490e-01 -1.0043092e+00 
   867 :  2.0350907e+00 -1.0156636e+00 
   868 : -5.2004862e-01 -1.0663101e+00 
   869 : -4.7684618e-01 -1.3087741e+00 
   870 :  2.1181680e+00 -1.0295951e+00 
   871 : -4.0569726e-01 -1.1777618e+00 
   872 : -4.8211808e-01 -1.0547315e+00 
   873 : -4.9189194e-01 -8.8866384e-01 
   874 :  2.3313737e+00 -8.7793719e-01 
   875 : -5.4468190e-01 -5.6352059e-01 
   876 :  1.4461328e+00 -9.6976594e-01 
   877 :  2.2387522e+00 -1.0174459e+00 
   878 :  2.4723353e+00 -1.1436292e+00 
   879 : -2.2524984e-01 -8.3247808e-01 
   880 :  1.8893364e+00 -1.3537007e+00 
   881 :  2.0634356e+00 -9.2970596e-01 
   882 : -4.1692801e-01 -1.0680454e+00 
   883 : -5.2622120e-01 -1.1062615e+00 
   884 : -4.0874491e-01 -7.3836755e-01 
   885 :  6.5565390e-01 -9.7182713e-01 
   886 : -6.4598194e-01 -1.0663171e+00 
   887 : -5.6232731e-01 -1.3593843e+00 
   888 :  1.1623151e-01 -9.9924677e-01 
   889 :  9.3907672e-01 -9.8403801e-01 
   890 :  2.2008973e+00 -9.7022923e-01 
   891 :  2.1194278e+00 -1.1322067e+00 
   892 :  2.4222440e+00 -9.1847475e-01 
   893 : -3.7268943e-01 -1.1857974e+00 
   894 :  6.9211771e-01 -1.0332704e+00 
   895 :  2.1933785e+00 -9.3504441e-01 
   896 :  6.2274403e-01 -9.7068957e-01 
   897 :  2.4013896e+00 -7.4606001e-01 
   898 :  1.3833165e+00 -6.9079630e-01 
   899 :  2.2395946e+00 -1.3439241e+00 
   900 :  2.1264711e+00 -5.8922689e-01 
   901 :  5.8750069e-01 -9.7037101e-01 
   902 : -9.3147946e-01 -9.5450522e-01 
   903 : -5.5356534e-01 -1.0464456e+00 
   904 : -7.8174368e-01 -1.2109930e+00 
   905 :  2.2377522e+00 -1.0946457e+00 
   906 : -6.0516548e-01 -1.0941876e+00 
   907 : -4.2632285e-01 -9.5070605e-01 
   908 :  1.9805073e+00 -9.5551656e-01 
   909 :  1.8382486e+00 -8.3301644e-01 
   910 : -5.9457190e-01 -8.3541369e-01 
   911 : -5.5649173e-01 -9.8720378e-01 
   912 :  2.1839094e+00 -1.0222266e+00 
   913 : -7.9151092e-01 -7.8992680e-01 
   914 : -5.0110370e-01 -1.3637770e+00 
   915 :  2.1349170e+00 -1.0445817e+00 
   916 :  2.0014629e+00 -1.3357864e+00 
   917 : -6.1352208e-01 -8.5920782e-01 
   918 : -7.1079482e-01 -1.3915242e+00 
   919 : -2.7015470e-01 -9.0845095e-01 
   920 :  6.6822612e-01 -9.9624909e-01 
   921 : -4.9604810e-01 -9.2468344e-01 
   922 : -3.8289801e-01 -9.7635392e-01 
   923 :  2.4135800e+00 -1.1546608e+00 
   924 :  7.2397000e-01 -9.6719481e-01 
   925 : -5.5339918e-01 -9.4427525e-01 
   926 : -3.2008598e-01 -6.9637515e-01 
   927 : -6.5854356e-01 -1.2782994e+00 
   928 : -5.4534433e-01 -1.0159987e+00 
   929 : -6.5590158e-01 -9.5176656e-01 
   930 : -3.5782751e-01 -1.1252642e+00 
   931 : -3.1662869e-01 -1.1306078e+00 
   932 :  5.5242722e-01 -9.6946711e-01 
   933 :  2.1070654e+00 -9.9698600e-01 
   934 : -5.2876834e-01 -9.1858579e-01 
   935 :  2.1929326e+00 -8.7687147e-01 
   936 :  2.2927319e+00 -6.8443728e-01 
   937 : -4.6130003e-01 -1.0484496e+00 
   938 : -5.1587435e-01 -1.1238969e+00 
   939 :  9.7244684e-01 -9.4113258e-01 
   940 :  2.2540136e+00 -1.0058116e+00 
   941 :  1.2427282e+00 -9.4217921e-01 
   942 :  1.2090719e+00 -8.7888186e-01 
   943 : -3.9920900e-01 -1.0889166e+00 
   944 :  7.8236920e-01 -1.0617565e+00 
   945 : -7.8415470e-01 -6.5772049e-01 
   946 :  5.1774601e-01 -9.7009376e-01 
   947 : -7.2248741e-01 -1.2098754e+00 
   948 : -3.5823046e-01 -1.3350990e+00 
   949 :  1.9491650e+00 -7.9971387e-01 
   950 :  2.0929656e+00 -5.2932859e-01 
   951 : -1.6554093e-01 -7.9910765e-01 
   952 : -6.5868209e-01 -9.1715984e-01 
   953 : -1.2440740e-01 -8.8607458e-01 
   954 : -7.0428207e-01 -1.0334293e+00 
   955 :  3.3854749e-01 -9.4081990e-01 
   956 :  2.1863197e+00 -1.0045817e+00 
   957 : -8.3798744e-01 -9.0841356e-01 
   958 :  1.1819744e+00 -9.9979173e-01 
   959 :  6.2262401e-02 -9.9744330e-01 
   960 : -2.7552497e-01 -9.8122317e-01 
   961 :  2.1329556e+00 -1.0640206e+00 
Number of edges 214 
     0 :      2     16 
     1 :     16     17 
     2 :     17     18 
     3 :     18     19 
     4 :     19     20 
     5 :     20     21 
     6 :     21     22 
     7 :     22     23 
     8 :     23     24 
     9 :     24     25 
    10 :     25     26 
    11 :     26     27 
    12 :     27     28 
    13 :     28     29 
    14 :     29     30 
    15 :     30     31 
    16 :     31      1 
    17 :      0     32 
    18 :     32     33 
    19 :     33     34 
    20 :     34     35 
    21 :     35     36 
    22 :     36     37 
    23 :     37     38 
    24 :     38     39 
    25 :     39     40 
    26 :     40     41 
    27 :     41     42 
    28 :     42      3 
    29 :      4     43 
    30 :     43     44 
    31 :     44     45 
    32 :     45     46 
    33 :     46     47 
    34 :     47     48 
    35 :     48     49 
    36 :     49     50 
    37 :     50     51 
    38 :     51     52 
    39 :     52     53 
    40 :     53     54 
    41 :     54     55 
    42 :     55     56 
    43 :     56     57 
    44 :     57     58 
    45 :     58     59 
    46 :     59     60 
    47 :     60     61 
    48 :     61     62 
    49 :     62     63 
    50 :     63     64 
    51 :     64     65 
    52 :     65     66 
    53 :     66      5 
    54 :      7     67 
    55 :     67     68 
    56 :     68      6 
    57 :      8     69 
    58 :     69     70 
    59 :     70      0 
    60 :      3     71 
    61 :     71     72 
    62 :     72     73 
    63 :     73     74 
    64 :     74     75 
    65 :     75      9 
    66 :      9     76 
    67 :     76     77 
    68 :     77     78 
    69 :     78     79 
    70 :     79     80 
    71 :     80     81 
    72 :     81     82 
    73 :     82     83 
    74 :     83     84 
    75 :     84     85 
    76 :     85     86 
    77 :     86     87 
    78 :     87     88 
    79 :     88     89 
    80 :     89     90 
    81 :     90     91 
    82 :     91     92 
    83 :     92     93 
    84 :     93     94 
    85 :     94     95 
    86 :     95     96 
    87 :     96     97 
    88 :     97     10 
    89 :     10     98 
    90 :     98     99 
    91 :     99    100 
    92 :    100    101 
    93 :    101    102 
    94 :    102    103 
    95 :    103    104 
    96 :    104      4 
    97 :      5      7 
    98 :      6    105 
    99 :    105    106 
   100 :    106    107 
   101 :    107    108 
   102 :    108     11 
   103 :     11    109 
   104 :    109     12 
   105 :     12    110 
   106 :    110    111 
   107 :    111    112 
   108 :    112    113 
   109 :    113    114 
   110 :    114    115 
   111 :    115    116 
   112 :    116    117 
   113 :    117    118 
   114 :    118    119 
   115 :    119    120 
   116 :    120    121 
   117 :    121    122 
   118 :    122    123 
   119 :    123    124 
   120 :    124    125 
   121 :    125      2 
   122 :      1    126 
   123 :    126    127 
   124 :    127    128 
   125 :    128    129 
   126 :    129    130 
   127 :    130    131 
   128 :    131    132 
   129 :    132    133 
   130 :    133    134 
   131 :    134    135 
   132 :    135    136 
   133 :    136    137 
   134 :    137    138 
   135 :    138    139 
   136 :    139    140 
   137 :    140    141 
   138 :    141    142 
   139 :    142    143 
   140 :    143    144 
   141 :    144    145 
   142 :    145    146 
   143 :    146    147 
   144 :    147    148 
   145 :    148    149 
   146 :    149    150 
   147 :    150     13 
   148 :     13    151 
   149 :    151    152 
   150 :    152    153 
   151 :    153    154 
   152 :    154    155 
   153 :    155    156 
   154 :    156    157 
   155 :    157    158 
   156 :    158    159 
   157 :    159    160 
   158 :    160    161 
   159 :    161    162 
   160 :    162    163 
   161 :    163    164 
   162 :    164    165 
   163 :    165    166 
   164 :    166    167 
   165 :    167    168 
   166 :    168    169 
   167 :    169    170 
   168 :    170    171 
   169 :    171    172 
   170 :    172    173 
   171 :    173    174 
   172 :    174    175 
   173 :    175    176 
   174 :    176    177 
   175 :    177    178 
   176 :    178    179 
   177 :    179    180 
   178 :    180    181 
   179 :    181     14 
   180 :     14    182 
   181 :    182    183 
   182 :    183    184 
   183 :    184    185 
   184 :    185    186 
   185 :    186    187 
   186 :    187    188 
   187 :    188    189 
   188 :    189    190 
   189 :    190    191 
   190 :    191    192 
   191 :    192    193 
   192 :    193    194 
   193 :    194    195 
   194 :    195    196 
   195 :    196    197 
   196 :    197    198 
   197 :    198    199 
   198 :    199    200 
   199 :    200    201 
   200 :    201    202 
   201 :    202    203 
   202 :    203    204 
   203 :    204    205 
   204 :    205    206 
   205 :    206    207 
   206 :    207    208 
   207 :    208    209 
   208 :    209    210 
   209 :    210    211 
   210 :    211    212 
   211 :    212     15 
   212 :     15    213 
   213 :    213      8 
Number of triangles 1708 
     0 :    737    757    596
     1 :    639    820    641
     2 :    809    839    682
     3 :    638    641    267
     4 :    406    722    566
     5 :    760    847    370
     6 :    267    640    638
     7 :    760    849    382
     8 :    389    847    571
     9 :    571    874    389
    10 :    244    633    632
    11 :    403    440    408
    12 :      3    809    682
    13 :    764    857      6
    14 :    759    930    576
    15 :    615    709    405
    16 :      7    756      5
    17 :    301    445    279
    18 :    403    630    440
    19 :    593    903    476
    20 :    710    870    418
    21 :    588    831    799
    22 :    572    870    710
    23 :    641    820    249
    24 :    495    593    476
    25 :    671    705     46
    26 :    588    799    229
    27 :    390    760    382
    28 :    411    737    596
    29 :     68    857    756
    30 :     67    756      7
    31 :    684    824    374
    32 :     46    705    670
    33 :    564    927    834
    34 :    376    684    374
    35 :    572    710    331
    36 :    722    766    566
    37 :    301    446    445
    38 :    583    733    404
    39 :    405    582    581
    40 :    312    313    311
    41 :    568    709    437
    42 :    314    568    437
    43 :    446    550    445
    44 :    673    701    662
    45 :    260    856    549
    46 :    279    280    278
    47 :    467    558    465
    48 :    558    771    465
    49 :     35    636    444
    50 :    313    440    316
    51 :     47    671     46
    52 :    276    278    277
    53 :    309    311    310
    54 :     46    670     45
    55 :     36    636     35
    56 :    434    699    254
    57 :    601    952    603
    58 :    601    603    602
    59 :    439    587    295
    60 :    578    895    738
    61 :    313    315    314
    62 :    280    445    283
    63 :    367    692    365
    64 :    395    442    423
    65 :    444    898     35
    66 :    441    592    416
    67 :    245    701    673
    68 :    254    628    434
    69 :    802    854    693
    70 :     11    764    565
    71 :    565    764      6
    72 :    280    282    281
    73 :    147    642    146
    74 :    292    839    809
    75 :    835    930    759
    76 :    455    873    547
    77 :    552    863    810
    78 :    104    796    103
    79 :    526    872    611
    80 :     79    805     78
    81 :     11    565    108
    82 :    105    565      6
    83 :    348    583    404
    84 :     68    756     67
    85 :    548    753    752
    86 :    583    912    733
    87 :    405    581    369
    88 :    437    709    615
    89 :    432    792    750
    90 :    316    317    315
    91 :    333    572    331
    92 :    570    627    252
    93 :    564    834    261
    94 :    771    911    513
    95 :    455    547    453
    96 :    453    520    451
    97 :    692    801    365
    98 :    440    630    316
    99 :    276    279    278
   100 :    649    651    243
   101 :    567    804    256
   102 :    272    729    269
   103 :    309    312    311
   104 :    445    922    283
   105 :    451    546    448
   106 :    559    872    526
   107 :    547    548    520
   108 :    110    595     12
   109 :    692    766    353
   110 :    151    730     13
   111 :    313    314    311
   112 :    283    284    282
   113 :     98    755     10
   114 :    244    635    633
   115 :     48    809     47
   116 :    308    309    304
   117 :    723    895    580
   118 :    603    767    602
   119 :     45    769     44
   120 :    223    730    151
   121 :    417    695    609
   122 :    375    750    380
   123 :    295    859    294
   124 :    702    790    384
   125 :    541    850    736
   126 :    750    792    380
   127 :    762    913    560
   128 :    280    281    278
   129 :    639    641    638
   130 :    453    547    520
   131 :    929    952    736
   132 :      6    857     68
   133 :    666    701    245
   134 :    610    859    768
   135 :    240    865    208
   136 :    313    316    315
   137 :    609    695    324
   138 :    515    772    612
   139 :    549    686    260
   140 :    312    440    313
   141 :    601    602    556
   142 :    546    852    448
   143 :     36    667    636
   144 :    632    694    244
   145 :    670    769     45
   146 :    279    445    280
   147 :    693    854    594
   148 :    274    276    275
   149 :    588    859    295
   150 :    309    310    304
   151 :    229    859    588
   152 :    317    319    318
   153 :    461    521    459
   154 :    276    277    275
   155 :    280    283    282
   156 :    243    696    649
   157 :     47    809    671
   158 :    414    578    577
   159 :     14    272    269
   160 :    428    699    415
   161 :    826    899    862
   162 :    285    840    574
   163 :    523    526    508
   164 :    362    577    360
   165 :    555    685    542
   166 :    520    561    546
   167 :    580    895    578
   168 :    571    892    627
   169 :    414    577    362
   170 :    458    459    455
   171 :    523    559    526
   172 :    782    936    781
   173 :    501    814    562
   174 :    790    890    384
   175 :    756    857     12
   176 :    566    841    406
   177 :    284    590    287
   178 :    416    773    441
   179 :    682    712      3
   180 :    284    286    285
   181 :    271    642    147
   182 :    460    461    459
   183 :    427    841    586
   184 :    395    791    442
   185 :    257    862    592
   186 :    684    757    356
   187 :    507    508    491
   188 :    810    926    552
   189 :    370    847    846
   190 :    862    899    431
   191 :    245    758    666
   192 :    783    784    262
   193 :    577    589    360
   194 :    317    318    315
   195 :    311    435    310
   196 :    541    736    543
   197 :    146    642    267
   198 :    440    629    408
   199 :    459    873    455
   200 :    274    300    276
   201 :    509    523    508
   202 :     43    599      4
   203 :    578    579    577
   204 :    622    865    240
   205 :    603    822    793
   206 :    674    729    272
   207 :    544    771    513
   208 :    508    554    491
   209 :    278    438    277
   210 :    213    845     15
   211 :    752    864    548
   212 :    161    763    160
   213 :     15    845    212
   214 :    320    321    319
   215 :    329    933    609
   216 :    602    767    532
   217 :    781    936    584
   218 :    415    699    434
   219 :      3    712     42
   220 :    472    557    470
   221 :    727    751      2
   222 :    308    433    309
   223 :    784    926    218
   224 :    256    805    567
   225 :    604    669    268
   226 :    450    451    448
   227 :    284    285    282
   228 :    869    914    605
   229 :    515    612    517
   230 :    296    302    300
   231 :    574    937    559
   232 :    470    558    467
   233 :    488    608    456
   234 :    573    584    253
   235 :    267    642    640
   236 :    479    886    772
   237 :    476    903    474
   238 :    452    453    451
   239 :    356    824    684
   240 :    550    922    445
   241 :    710    933    329
   242 :    655    803    656
   243 :    287    288    286
   244 :    317    320    319
   245 :    542    685    549
   246 :    283    590    284
   247 :    840    937    574
   248 :    582    723    580
   249 :    573    900    304
   250 :    336    572    333
   251 :    345    443    340
   252 :    350    583    348
   253 :    348    404    345
   254 :    392    684    376
   255 :    400    583    350
   256 :    342    750    375
   257 :    592    827    257
   258 :    364    414    362
   259 :    456    608    288
   260 :    320    697    325
   261 :    833    927    518
   262 :    627    892    623
   263 :    264    617    183
   264 :    258    842    681
   265 :     35    898     34
   266 :    652    653    241
   267 :    284    287    286
   268 :    338    381    336
   269 :     75    625     74
   270 :    604    698    669
   271 :    317    697    320
   272 :    315    568    314
   273 :    248    761    696
   274 :    548    561    520
   275 :    520    546    451
   276 :    592    862    591
   277 :    474    614    472
   278 :    484    952    929
   279 :    425    713    616
   280 :    462    463    461
   281 :    388    692    367
   282 :    699    854    788
   283 :    517    612    536
   284 :      2    751    125
   285 :    351    774    354
   286 :    443    961    340
   287 :    441    916    592
   288 :    279    960    301
   289 :    630    881    697
   290 :    696    761    649
   291 :     81    812     80
   292 :    221    854    802
   293 :    655    924    803
   294 :    442    597    423
   295 :    321    323    322
   296 :    562    861    501
   297 :    183    617    182
   298 :    612    886    613
   299 :    400    607    583
   300 :    414    581    580
   301 :     78    805    256
   302 :    225    805     79
   303 :    616    915    443
   304 :    632    855    694
   305 :    103    796    224
   306 :    253    796    104
   307 :    148    626    271
   308 :    282    575    281
   309 :    694    855    291
   310 :    469    470    467
   311 :    612    613    536
   312 :    249    820    758
   313 :    621    847    760
   314 :    353    801    692
   315 :    458    460    459
   316 :    810    863    247
   317 :    246    624    185
   318 :    329    609    326
   319 :    321    322    319
   320 :    296    300    274
   321 :    215    308    304
   322 :    507    509    508
   323 :    758    820    666
   324 :    381    572    336
   325 :    712    725     42
   326 :    160    763    228
   327 :    406    841    427
   328 :    517    536    535
   329 :    439    893    587
   330 :     43    625    599
   331 :    273    730    296
   332 :    630    697    316
   333 :    558    911    771
   334 :    596    684    392
   335 :    149    626    148
   336 :    569    723    582
   337 :    218    786    784
   338 :    472    614    557
   339 :    290    456    288
   340 :    239    644    639
   341 :    581    582    580
   342 :    422    760    390
   343 :    592    916    827
   344 :    797    804    308
   345 :    288    608    289
   346 :    352    400    350
   347 :    320    324    321
   348 :    829    842    828
   349 :    448    852    446
   350 :    125    747    124
   351 :    471    472    470
   352 :    220    755     98
   353 :    736    850    480
   354 :    419    596    392
   355 :    271    765    642
   356 :    324    695    321
   357 :    599    625     75
   358 :    233    683    657
   359 :    566    692    388
   360 :    125    751    747
   361 :    185    624    184
   362 :    397    782    399
   363 :    737    891    775
   364 :     42    725     41
   365 :    587    588    295
   366 :    478    495    476
   367 :    524    574    523
   368 :    288    289    286
   369 :    784    786    262
   370 :    404    443    345
   371 :    644    665    639
   372 :    344    345    340
   373 :    220    627    623
   374 :    108    565    107
   375 :    106    565    105
   376 :    606    934    463
   377 :    322    707    319
   378 :    530    779    485
   379 :    398    874    571
   380 :    287    290    288
   381 :    536    954    537
   382 :    454    455    453
   383 :    124    745    123
   384 :    205    631    266
   385 :    595    756     12
   386 :    590    743    287
   387 :    557    558    470
   388 :    632    633    631
   389 :    124    747    745
   390 :     10    755    263
   391 :    404    616    443
   392 :    239    637    187
   393 :    709    935    405
   394 :    574    882    285
   395 :    633    635    634
   396 :     32    604      0
   397 :    260    686    167
   398 :      5    595     66
   399 :    378    405    369
   400 :    123    742    122
   401 :    372    707    322
   402 :    537    954    541
   403 :     41    719     40
   404 :    259    913    762
   405 :    424    566    388
   406 :      0    770    731
   407 :    206    631    205
   408 :    560    602    532
   409 :    307    958    618
   410 :    370    849    760
   411 :    123    745    742
   412 :    768    825    610
   413 :    730    953    296
   414 :    187    637    186
   415 :     41    725    719
   416 :    335    336    333
   417 :    464    465    463
   418 :    122    739    121
   419 :    414    580    578
   420 :    323    371    346
   421 :    347    348    345
   422 :    627    776    252
   423 :    651    652    243
   424 :    122    742    739
   425 :    620    621    422
   426 :      5    756    595
   427 :    799    831    251
   428 :    634    643    266
   429 :    396    881    630
   430 :     40    716     39
   431 :    323    385    371
   432 :    121    734    120
   433 :    631    633    266
   434 :    736    952    601
   435 :    261    887    564
   436 :    599    950      4
   437 :    460    462    461
   438 :    326    609    324
   439 :    271    800    765
   440 :    323    695    385
   441 :    256    804    797
   442 :    523    574    559
   443 :    310    573    304
   444 :    316    697    317
   445 :    239    638    637
   446 :     37    667     36
   447 :    543    601    556
   448 :      0    941    770
   449 :    121    739    734
   450 :    318    707    569
   451 :    323    346    322
   452 :     40    719    716
   453 :    293    618    210
   454 :    633    634    266
   455 :    915    961    443
   456 :    509    524    523
   457 :    598    856    260
   458 :    487    488    456
   459 :    120    732    119
   460 :    211    293    210
   461 :    300    960    276
   462 :    596    773    411
   463 :    340    961    338
   464 :    239    639    638
   465 :    328    329    326
   466 :    354    774    358
   467 :    281    576    438
   468 :     39    708     38
   469 :    120    734    732
   470 :    385    695    417
   471 :    364    581    414
   472 :    359    360    355
   473 :    235    646    130
   474 :    420    782    397
   475 :      2    839    727
   476 :    486    487    456
   477 :    337    338    336
   478 :    167    686    166
   479 :    235    672    648
   480 :    463    934    461
   481 :    450    452    451
   482 :    526    554    508
   483 :    182    272     14
   484 :    119    728    118
   485 :    653    654    241
   486 :    130    646    129
   487 :    385    386    371
   488 :    179    229    178
   489 :    640    765    246
   490 :    182    617    272
   491 :     39    716    708
   492 :    154    247    153
   493 :    111    704    658
   494 :    553    926    784
   495 :    473    474    472
   496 :    119    732    728
   497 :    188    644    239
   498 :    304    900    303
   499 :    435    436    310
   500 :    234    659    191
   501 :    314    437    435
   502 :    490    491    482
   503 :    691    894    656
   504 :    209    618    240
   505 :    683    924    657
   506 :    177    251    176
   507 :     38    703     37
   508 :    118    726    117
   509 :    215    304    303
   510 :    669    698    297
   511 :    488    715    608
   512 :    547    754    548
   513 :    150    298    149
   514 :    209    240    208
   515 :     37    703    667
   516 :    184    264    183
   517 :    621    760    422
   518 :    290    486    456
   519 :    191    659    190
   520 :    263    620    619
   521 :    294    859    610
   522 :    405    935    582
   523 :    234    680    661
   524 :     34    823     33
   525 :    118    728    726
   526 :    274    275    270
   527 :    605    914    219
   528 :    656    920    691
   529 :      4    900    253
   530 :    184    624    264
   531 :    618    958    240
   532 :    635    939    237
   533 :    248    696    202
   534 :    636    667     24
   535 :    548    754    753
   536 :    528    787    715
   537 :    681    830    258
   538 :    117    724    116
   539 :    235    647    646
   540 :     97    808     96
   541 :    252    897    570
   542 :    579    589    577
   543 :    110    658    595
   544 :     38    708    703
   545 :     76    215      9
   546 :    540    780    500
   547 :    210    618    209
   548 :    366    891    737
   549 :    298    626    149
   550 :    386    702    371
   551 :    277    295    294
   552 :    491    938    482
   553 :    207    265    206
   554 :    148    271    147
   555 :    487    494    488
   556 :    286    840    285
   557 :    186    246    185
   558 :    562    814    564
   559 :    561    851    546
   560 :    234    660    659
   561 :    140    673    242
   562 :    330    331    329
   563 :    156    218    155
   564 :    235    648    647
   565 :    321    695    323
   566 :    117    726    724
   567 :    170    222    169
   568 :    163    259    162
   569 :    168    260    167
   570 :    175    219    174
   571 :    173    261    172
   572 :    158    262    157
   573 :    160    228    159
   574 :    165    216    164
   575 :    361    362    360
   576 :    141    673    140
   577 :    715    787    608
   578 :    561    907    851
   579 :    319    707    318
   580 :    469    471    470
   581 :     49    292     48
   582 :    637    640    246
   583 :    265    631    206
   584 :    186    637    246
   585 :    116    720    115
   586 :    447    448    446
   587 :    127    244    126
   588 :    428    854    699
   589 :    205    266    204
   590 :    146    267    145
   591 :    657    721    233
   592 :    188    239    187
   593 :    234    661    660
   594 :    253    900    573
   595 :    266    643    204
   596 :    385    413    386
   597 :    457    458    455
   598 :    116    724    720
   599 :    337    775    339
   600 :    360    940    355
   601 :    318    569    568
   602 :    642    765    640
   603 :     70    299     69
   604 :    270    610    214
   605 :    115    718    114
   606 :    131    672    235
   607 :    648    651    649
   608 :    847    892    571
   609 :    349    350    348
   610 :    828    842    258
   611 :    129    237    128
   612 :    793    917    603
   613 :    661    689    663
   614 :     33    698     32
   615 :    493    507    491
   616 :    203    643    248
   617 :    203    248    202
   618 :    618    770    307
   619 :    144    249    143
   620 :    426    702    386
   621 :    661    663    662
   622 :    681    842    586
   623 :     44    769    625
   624 :    190    236    189
   625 :    139    668    138
   626 :    111    658    110
   627 :    494    497    488
   628 :    192    680    234
   629 :    653    655    654
   630 :    164    777    163
   631 :     50    751    727
   632 :    466    467    465
   633 :    231    683    134
   634 :    115    720    718
   635 :    134    683    133
   636 :    114    714    113
   637 :     10    263     97
   638 :    541    543    542
   639 :    129    646    237
   640 :    190    659    236
   641 :     90    257     89
   642 :     78    256     77
   643 :     92    217     91
   644 :     82    255     81
   645 :     88    227     87
   646 :     86    254     85
   647 :     84    221     83
   648 :     96    226     95
   649 :     80    225     79
   650 :     94    258     93
   651 :    204    643    203
   652 :     26    645    444
   653 :    131    235    130
   654 :    616    733    425
   655 :    658    704     65
   656 :     26    444     25
   657 :    201    243    200
   658 :    142    245    141
   659 :    659    664    236
   660 :    834    927    833
   661 :    241    944    652
   662 :    566    766    692
   663 :      4    253    104
   664 :    103    224    102
   665 :    101    252    100
   666 :     99    220     98
   667 :    192    234    191
   668 :    369    581    364
   669 :    371    384    346
   670 :    655    656    654
   671 :    664    665    236
   672 :    302    919    300
   673 :     44    625     43
   674 :    648    649    647
   675 :    661    662    660
   676 :    646    650    237
   677 :    242    668    139
   678 :    114    718    714
   679 :    113    706    112
   680 :    668    687    138
   681 :    268    942    604
   682 :    138    687    137
   683 :    133    233    132
   684 :    237    889    635
   685 :    480    850    711
   686 :    245    673    141
   687 :    331    710    329
   688 :     24    667     23
   689 :    137    687    230
   690 :    344    347    345
   691 :    585    848    502
   692 :    140    242    139
   693 :    680    689    661
   694 :    269    729    273
   695 :    199    241    198
   696 :    590    922    744
   697 :    595    658     66
   698 :    194    232    193
   699 :    677    679    678
   700 :      9    950    599
   701 :    292    809     48
   702 :    303    950      9
   703 :    677    678    676
   704 :    133    683    233
   705 :    462    464    463
   706 :    112    704    111
   707 :    648    721    651
   708 :    194    675    232
   709 :    675    677    676
   710 :    677    691    679
   711 :    113    714    706
   712 :     28    297     27
   713 :    238    691    688
   714 :    688    691    677
   715 :    265    632    631
   716 :    135    231    134
   717 :    675    676    232
   718 :    413    425    386
   719 :    136    690    135
   720 :    197    238    196
   721 :    255    812     81
   722 :     80    812    225
   723 :    230    690    136
   724 :    276    960    279
   725 :    339    340    338
   726 :    212    798    211
   727 :    236    665    644
   728 :    195    675    194
   729 :    653    657    655
   730 :    107    565    106
   731 :    135    690    231
   732 :    554    938    491
   733 :    492    816    515
   734 :     30    268     29
   735 :    238    688    196
   736 :    664    701    666
   737 :    196    688    195
   738 :    675    688    677
   739 :     13    674    150
   740 :    195    688    675
   741 :    137    230    136
   742 :    260    818    598
   743 :    664    666    665
   744 :    614    903    525
   745 :    729    730    273
   746 :    586    842    427
   747 :    193    680    192
   748 :    112    706    704
   749 :    689    700    663
   750 :    851    907    744
   751 :    189    644    188
   752 :    553    838    514
   753 :    132    672    131
   754 :    461    934    521
   755 :     28    669    297
   756 :    202    696    201
   757 :    126    694      1
   758 :    731    798    299
   759 :    528    715    511
   760 :    452    454    453
   761 :    157    786    156
   762 :     18    725    712
   763 :    837    844    785
   764 :      4    950    900
   765 :    788    854    221
   766 :    215    303      9
   767 :    475    476    474
   768 :    676    689    232
   769 :    486    498    487
   770 :    232    680    193
   771 :      1    694    291
   772 :     17    682     16
   773 :    293    798    731
   774 :    657    924    655
   775 :     70    731    299
   776 :    738    890    578
   777 :    660    664    659
   778 :    527    528    511
   779 :    219    815    605
   780 :    737    775    757
   781 :    575    576    281
   782 :    494    505    497
   783 :    371    702    384
   784 :    232    689    680
   785 :    383    722    406
   786 :    335    337    336
   787 :    385    417    413
   788 :      1    291    250
   789 :    446    852    550
   790 :    152    223    151
   791 :    233    672    132
   792 :    641    955    267
   793 :    249    758    143
   794 :    425    426    386
   795 :    611    795    526
   796 :    273    296    274
   797 :    678    700    676
   798 :    550    851    744
   799 :    332    333    331
   800 :    471    473    472
   801 :    249    955    641
   802 :    510    511    497
   803 :    325    326    324
   804 :    647    650    646
   805 :    662    701    660
   806 :    772    886    612
   807 :    404    733    616
   808 :     25    636     24
   809 :    638    640    637
   810 :      1    250     31
   811 :    676    700    689
   812 :     32    698    604
   813 :    548    864    561
   814 :    438    931    277
   815 :     23    703     22
   816 :    201    696    243
   817 :    236    644    189
   818 :    480    929    736
   819 :    291    622    305
   820 :    474    903    614
   821 :    672    721    648
   822 :    497    715    488
   823 :     65    704     64
   824 :    727    839    292
   825 :    435    748    436
   826 :    363    364    362
   827 :    233    721    672
   828 :    230    896    885
   829 :     13    730    729
   830 :    399    748    615
   831 :    328    330    329
   832 :    505    510    497
   833 :    417    418    413
   834 :     22    708     21
   835 :    142    758    245
   836 :    437    748    435
   837 :     64    706     63
   838 :    818    904    598
   839 :     50    727     49
   840 :    465    925    463
   841 :    536    537    535
   842 :     18    712     17
   843 :    543    736    601
   844 :    351    352    350
   845 :    707    723    569
   846 :    244    939    635
   847 :     29    669     28
   848 :    704    706     64
   849 :     27    645     26
   850 :    582    935    569
   851 :    511    715    497
   852 :    255    693    597
   853 :    703    708     22
   854 :     66    658     65
   855 :     63    714     62
   856 :    522    540    500
   857 :    576    943    759
   858 :    312    629    440
   859 :     21    716     20
   860 :    356    775    337
   861 :    660    701    664
   862 :    494    506    505
   863 :    262    785    783
   864 :    318    568    315
   865 :    309    433    312
   866 :    706    714     63
   867 :    301    447    446
   868 :    498    717    487
   869 :    667    703     23
   870 :    613    819    711
   871 :    468    469    467
   872 :     62    718     61
   873 :    314    435    311
   874 :    495    868    593
   875 :    347    349    348
   876 :    277    931    295
   877 :    413    713    425
   878 :    244    694    126
   879 :    708    716     21
   880 :     20    719     19
   881 :    714    718     62
   882 :    285    575    282
   883 :    625    769     74
   884 :     61    720     60
   885 :    246    765    624
   886 :    281    438    278
   887 :    530    910    779
   888 :    711    850    613
   889 :    487    717    494
   890 :    373    737    411
   891 :    267    955    145
   892 :    506    545    544
   893 :     49    727    292
   894 :     17    712    682
   895 :    597    812    255
   896 :    378    615    405
   897 :    718    720     61
   898 :    127    939    244
   899 :     71    671      3
   900 :     73    670     72
   901 :      9    599     75
   902 :     72    705     71
   903 :     19    725     18
   904 :    372    723    707
   905 :     60    724     59
   906 :    716    719     20
   907 :    827    916    227
   908 :    398    571    570
   909 :    744    922    550
   910 :    358    774    722
   911 :    492    515    504
   912 :    720    724     60
   913 :     14    214    181
   914 :     59    726     58
   915 :    654    811    241
   916 :    320    325    324
   917 :     31    746     30
   918 :    343    344    340
   919 :    449    450    448
   920 :      0    731     70
   921 :    719    725     19
   922 :    543    556    555
   923 :    724    726     59
   924 :     30    746    268
   925 :     58    728     57
   926 :    396    630    403
   927 :    216    777    164
   928 :    163    777    259
   929 :    208    865    207
   930 :    418    713    413
   931 :    464    466    465
   932 :    346    372    322
   933 :    578    890    579
   934 :    277    294    275
   935 :    726    728     58
   936 :    291    305    250
   937 :    180    768    179
   938 :    300    919    301
   939 :     57    732     56
   940 :    510    525    511
   941 :    241    811    198
   942 :     83    802     82
   943 :    150    674    298
   944 :    525    527    511
   945 :    603    952    822
   946 :    596    757    684
   947 :    728    732     57
   948 :     56    734     55
   949 :    359    361    360
   950 :    477    478    476
   951 :    269    273    270
   952 :    665    820    639
   953 :     14    269    214
   954 :    337    339    338
   955 :    609    933    417
   956 :    506    513    505
   957 :    217    899    826
   958 :    355    877    352
   959 :    610    825    214
   960 :    223    951    735
   961 :    358    722    383
   962 :    532    767    530
   963 :    290    496    486
   964 :    620    623    621
   965 :     96    808    226
   966 :    732    734     56
   967 :     55    739     54
   968 :    512    530    485
   969 :    197    811    238
   970 :    263    808     97
   971 :    551    587    540
   972 :    506    717    545
   973 :    494    717    506
   974 :    652    944    243
   975 :     54    742     53
   976 :    734    739     55
   977 :    469    711    471
   978 :    273    274    270
   979 :    813    951    223
   980 :    527    611    528
   981 :     69    876      8
   982 :    250    746     31
   983 :    262    786    157
   984 :    334    335    333
   985 :    381    870    572
   986 :     53    745     52
   987 :     74    769     73
   988 :    739    742     54
   989 :    156    786    218
   990 :    308    804    433
   991 :    327    328    326
   992 :     52    747     51
   993 :    427    842    829
   994 :    742    745     53
   995 :    143    758    142
   996 :    399    781    748
   997 :    604    794      0
   998 :    473    475    474
   999 :    330    332    331
  1000 :    454    457    455
  1001 :    590    744    743
  1002 :    425    733    426
  1003 :    293    770    618
  1004 :    383    406    401
  1005 :     51    751     50
  1006 :    626    800    271
  1007 :    301    960    300
  1008 :    745    747     52
  1009 :    765    800    624
  1010 :    178    799    177
  1011 :    594    854    428
  1012 :    243    944    200
  1013 :    525    928    614
  1014 :    747    751     51
  1015 :    560    913    843
  1016 :     13    729    674
  1017 :    262    875    785
  1018 :     16    839      2
  1019 :    506    544    513
  1020 :    490    493    491
  1021 :    515    517    516
  1022 :    498    821    717
  1023 :    366    737    373
  1024 :    766    905    353
  1025 :    354    355    352
  1026 :    384    890    738
  1027 :    384    738    346
  1028 :    647    761    650
  1029 :    368    369    364
  1030 :    579    789    589
  1031 :    295    931    439
  1032 :    305    306    250
  1033 :    431    860    591
  1034 :    433    629    312
  1035 :    223    953    730
  1036 :    757    775    356
  1037 :    428    853    594
  1038 :    482    883    478
  1039 :    307    941    306
  1040 :    109    764     11
  1041 :    373    411    393
  1042 :    670    705     72
  1043 :     71    705    671
  1044 :    144    955    249
  1045 :    349    351    350
  1046 :    228    837    785
  1047 :    541    542    537
  1048 :    179    768    229
  1049 :    495    883    795
  1050 :    237    939    128
  1051 :    614    928    557
  1052 :    305    307    306
  1053 :    268    669     29
  1054 :    505    741    510
  1055 :      8    876    213
  1056 :    531    532    530
  1057 :    608    787    289
  1058 :    545    606    544
  1059 :    525    593    527
  1060 :    199    944    241
  1061 :    161    945    763
  1062 :    634    836    643
  1063 :    229    799    178
  1064 :    526    795    554
  1065 :     34    898    823
  1066 :    643    836    248
  1067 :    287    743    290
  1068 :    525    903    593
  1069 :    649    761    647
  1070 :    375    380    379
  1071 :    391    392    376
  1072 :     77    797     76
  1073 :    230    885    690
  1074 :    584    796    253
  1075 :    238    894    691
  1076 :    263    755    620
  1077 :    752    753    498
  1078 :    685    686    549
  1079 :    486    752    498
  1080 :    713    915    616
  1081 :    466    468    467
  1082 :    306    941    794
  1083 :    275    610    270
  1084 :    481    482    478
  1085 :    297    645     27
  1086 :    463    925    606
  1087 :    361    363    362
  1088 :    339    343    340
  1089 :    306    746    250
  1090 :    552    553    514
  1091 :    513    741    505
  1092 :    717    821    545
  1093 :    325    327    326
  1094 :    444    636     25
  1095 :    524    882    574
  1096 :    177    799    251
  1097 :    509    759    524
  1098 :    400    789    607
  1099 :    623    755    220
  1100 :    569    709    568
  1101 :    269    270    214
  1102 :    624    800    264
  1103 :     82    802    255
  1104 :    221    802     83
  1105 :    247    813    153
  1106 :    791    908    407
  1107 :    615    748    437
  1108 :    387    388    367
  1109 :    155    810    154
  1110 :    264    888    617
  1111 :    507    529    509
  1112 :    553    884    838
  1113 :    515    816    772
  1114 :    332    334    333
  1115 :    338    961    381
  1116 :    400    877    789
  1117 :    411    773    416
  1118 :    602    843    556
  1119 :    346    738    372
  1120 :    579    890    790
  1121 :    475    477    476
  1122 :    251    815    176
  1123 :    635    889    634
  1124 :    885    896    679
  1125 :    402    432    341
  1126 :    399    615    378
  1127 :    220    776    627
  1128 :    357    359    355
  1129 :    442    791    409
  1130 :    740    812    597
  1131 :    517    535    534
  1132 :    540    871    780
  1133 :    291    855    622
  1134 :    662    946    673
  1135 :    296    735    302
  1136 :    218    810    155
  1137 :    832    834    833
  1138 :    429    442    409
  1139 :    502    884    585
  1140 :    619    808    263
  1141 :    377    378    369
  1142 :    789    877    589
  1143 :    545    778    606
  1144 :    415    419    392
  1145 :    457    485    458
  1146 :    380    395    394
  1147 :    421    422    390
  1148 :    557    911    558
  1149 :    613    886    819
  1150 :    441    773    419
  1151 :    290    743    496
  1152 :    555    957    685
  1153 :    533    560    532
  1154 :    240    958    622
  1155 :    652    866    653
  1156 :    597    693    423
  1157 :    256    797     77
  1158 :    351    354    352
  1159 :     85    788     84
  1160 :    496    752    486
  1161 :    838    884    502
  1162 :    600    777    216
  1163 :    328    749    330
  1164 :     73    769    670
  1165 :    607    912    583
  1166 :    587    893    540
  1167 :    792    908    791
  1168 :    503    585    538
  1169 :    175    815    219
  1170 :     33    823    698
  1171 :    447    449    448
  1172 :    173    817    261
  1173 :    222    818    169
  1174 :    219    817    174
  1175 :    168    818    260
  1176 :    170    832    222
  1177 :    153    813    152
  1178 :    460    483    462
  1179 :    423    693    594
  1180 :    800    888    264
  1181 :    412    424    388
  1182 :    543    555    542
  1183 :    834    918    261
  1184 :    408    629    410
  1185 :    589    940    360
  1186 :    619    620    422
  1187 :    489    490    482
  1188 :    198    811    197
  1189 :    651    866    652
  1190 :    698    823    297
  1191 :    690    803    231
  1192 :    254    788     85
  1193 :     84    788    221
  1194 :    327    341    328
  1195 :    815    948    605
  1196 :    343    365    344
  1197 :    634    889    836
  1198 :    468    480    469
  1199 :    154    810    247
  1200 :    585    784    783
  1201 :    335    356    337
  1202 :    603    917    767
  1203 :    771    925    465
  1204 :    363    368    364
  1205 :    795    883    554
  1206 :    211    798    293
  1207 :    503    848    585
  1208 :    380    792    395
  1209 :    584    936    796
  1210 :    586    841    424
  1211 :    420    806    782
  1212 :    591    862    431
  1213 :    418    933    710
  1214 :    432    749    341
  1215 :    493    780    507
  1216 :    215    797    308
  1217 :    347    353    349
  1218 :    100    776     99
  1219 :    521    873    459
  1220 :    327    396    341
  1221 :    522    551    540
  1222 :    434    441    419
  1223 :    176    815    175
  1224 :    477    481    478
  1225 :    571    627    570
  1226 :    836    889    650
  1227 :    576    930    438
  1228 :    222    904    818
  1229 :    252    776    100
  1230 :     99    776    220
  1231 :    731    770    293
  1232 :    248    836    761
  1233 :    419    773    596
  1234 :    480    711    469
  1235 :    822    952    484
  1236 :    620    755    623
  1237 :    499    861    562
  1238 :    397    399    378
  1239 :    289    840    286
  1240 :    432    750    749
  1241 :    499    562    519
  1242 :    181    825    180
  1243 :    217    826     91
  1244 :     88    827    227
  1245 :     94    828    258
  1246 :     90    826    257
  1247 :    226    828     95
  1248 :    257    827     89
  1249 :    436    584    573
  1250 :    332    342    334
  1251 :    485    779    458
  1252 :    158    875    262
  1253 :    228    875    159
  1254 :    298    959    888
  1255 :    515    516    504
  1256 :    169    818    168
  1257 :    174    817    173
  1258 :    171    832    170
  1259 :    224    807    102
  1260 :    666    820    665
  1261 :    354    357    355
  1262 :    342    867    750
  1263 :    254    880    628
  1264 :    430    586    424
  1265 :    101    807    252
  1266 :    473    479    475
  1267 :    622    958    305
  1268 :    626    888    800
  1269 :    165    902    216
  1270 :    772    906    479
  1271 :    258    830     93
  1272 :     92    830    217
  1273 :    671    809      3
  1274 :     76    797    215
  1275 :    261    918    172
  1276 :    556    600    555
  1277 :    533    763    762
  1278 :    721    866    651
  1279 :    259    945    162
  1280 :    512    531    530
  1281 :    653    866    657
  1282 :     91    826     90
  1283 :     95    828     94
  1284 :     89    827     88
  1285 :    562    564    563
  1286 :    102    807    101
  1287 :    343    366    365
  1288 :    225    812    740
  1289 :    888    959    617
  1290 :    109    857    764
  1291 :    354    358    357
  1292 :    449    514    450
  1293 :    406    427    401
  1294 :    342    374    334
  1295 :    462    793    464
  1296 :    811    894    238
  1297 :    527    868    611
  1298 :    466    484    468
  1299 :    753    821    498
  1300 :    442    740    597
  1301 :    604    942    794
  1302 :    687    896    230
  1303 :    399    782    781
  1304 :    481    492    489
  1305 :    396    403    402
  1306 :    352    877    400
  1307 :    368    377    369
  1308 :    341    749    328
  1309 :    217    830    681
  1310 :     12    857    109
  1311 :    510    928    525
  1312 :    242    946    932
  1313 :    831    948    251
  1314 :    481    489    482
  1315 :    545    821    778
  1316 :    227    880     87
  1317 :     86    880    254
  1318 :    682    839     16
  1319 :    411    416    393
  1320 :    499    500    493
  1321 :    396    402    341
  1322 :    359    370    361
  1323 :    242    932    668
  1324 :    529    759    509
  1325 :    657    866    721
  1326 :    517    534    516
  1327 :    687    901    896
  1328 :    152    813    223
  1329 :    380    394    379
  1330 :    550    852    851
  1331 :    436    573    310
  1332 :    452    502    454
  1333 :    783    785    538
  1334 :    748    781    436
  1335 :    212    845    798
  1336 :    342    375    374
  1337 :    531    533    532
  1338 :    761    836    650
  1339 :    789    790    607
  1340 :    391    415    392
  1341 :    768    859    229
  1342 :    533    762    560
  1343 :    412    431    430
  1344 :    507    780    529
  1345 :    409    791    407
  1346 :    557    928    741
  1347 :    424    841    566
  1348 :    265    855    632
  1349 :    351    905    774
  1350 :     93    830     92
  1351 :    556    843    600
  1352 :    458    779    460
  1353 :    294    610    275
  1354 :    803    924    231
  1355 :    785    875    228
  1356 :    377    398    397
  1357 :    673    946    242
  1358 :    668    901    687
  1359 :    623    892    621
  1360 :    366    367    365
  1361 :    645    898    444
  1362 :    216    957    600
  1363 :    387    412    388
  1364 :    355    940    877
  1365 :    628    880    227
  1366 :    697    881    325
  1367 :    429    740    442
  1368 :    629    949    410
  1369 :    478    883    495
  1370 :    423    594    394
  1371 :    298    888    626
  1372 :    344    801    347
  1373 :    650    889    237
  1374 :    363    389    368
  1375 :    421    619    422
  1376 :    334    824    335
  1377 :    358    383    382
  1378 :    366    373    367
  1379 :    375    376    374
  1380 :    490    499    493
  1381 :    535    598    534
  1382 :    365    801    344
  1383 :    297    823    645
  1384 :    403    408    407
  1385 :    711    819    471
  1386 :    436    781    584
  1387 :    585    783    538
  1388 :    519    522    500
  1389 :    492    504    501
  1390 :    544    925    771
  1391 :    180    825    768
  1392 :    500    780    493
  1393 :    255    802    693
  1394 :    398    570    420
  1395 :    377    397    378
  1396 :    358    382    357
  1397 :    403    407    402
  1398 :    829    923    427
  1399 :    434    628    441
  1400 :    415    434    419
  1401 :    722    774    766
  1402 :    611    868    795
  1403 :    207    865    265
  1404 :    417    933    418
  1405 :    218    926    810
  1406 :    395    423    394
  1407 :    381    915    870
  1408 :    503    512    485
  1409 :    395    792    791
  1410 :    375    379    376
  1411 :    542    549    537
  1412 :    391    428    415
  1413 :    457    503    485
  1414 :    560    843    602
  1415 :    471    819    473
  1416 :    522    605    551
  1417 :    416    591    393
  1418 :    335    824    356
  1419 :    613    954    536
  1420 :    412    430    424
  1421 :    430    681    586
  1422 :    759    943    524
  1423 :    449    539    514
  1424 :    383    401    390
  1425 :    213    876    845
  1426 :    408    410    409
  1427 :    373    387    367
  1428 :    433    949    629
  1429 :    373    393    387
  1430 :    379    391    376
  1431 :    410    567    429
  1432 :    516    518    504
  1433 :    492    501    489
  1434 :    606    925    544
  1435 :    562    563    519
  1436 :    381    961    915
  1437 :    579    790    789
  1438 :    416    592    591
  1439 :    539    552    514
  1440 :    408    409    407
  1441 :    383    390    382
  1442 :    531    837    533
  1443 :    575    943    576
  1444 :    477    816    481
  1445 :    216    902    685
  1446 :    265    865    855
  1447 :    128    939    127
  1448 :    585    884    784
  1449 :    145    955    144
  1450 :    499    519    500
  1451 :    482    938    883
  1452 :    656    894    654
  1453 :    699    788    254
  1454 :    410    429    409
  1455 :    504    814    501
  1456 :    401    421    390
  1457 :    503    538    512
  1458 :    214    825    181
  1459 :    398    420    397
  1460 :    159    875    158
  1461 :    774    905    766
  1462 :    418    870    713
  1463 :    744    907    743
  1464 :    464    822    466
  1465 :    518    947    833
  1466 :    750    867    749
  1467 :    611    872    528
  1468 :    679    896    678
  1469 :    330    867    332
  1470 :    514    838    450
  1471 :    691    920    679
  1472 :    483    793    462
  1473 :    832    918    834
  1474 :    285    882    575
  1475 :    593    868    527
  1476 :    807    897    252
  1477 :    327    881    396
  1478 :     87    880     86
  1479 :    289    937    840
  1480 :    372    895    723
  1481 :    896    901    678
  1482 :    932    946    663
  1483 :    460    779    483
  1484 :    529    835    759
  1485 :    533    837    763
  1486 :    763    945    762
  1487 :    826    862    257
  1488 :    231    924    683
  1489 :    227    916    628
  1490 :    347    801    353
  1491 :    749    867    330
  1492 :    740    909    225
  1493 :    481    816    492
  1494 :    806    897    807
  1495 :    332    867    342
  1496 :    200    944    199
  1497 :    832    833    222
  1498 :    663    946    662
  1499 :    587    831    588
  1500 :    226    829    828
  1501 :    251    948    815
  1502 :    166    902    165
  1503 :    496    864    752
  1504 :    617    959    272
  1505 :    762    945    259
  1506 :    668    932    901
  1507 :    551    831    587
  1508 :    678    901    700
  1509 :    870    915    713
  1510 :    374    824    334
  1511 :    450    838    452
  1512 :    172    918    171
  1513 :    283    922    590
  1514 :    784    884    553
  1515 :    803    920    656
  1516 :    162    945    161
  1517 :    473    819    479
  1518 :    439    930    835
  1519 :    743    907    496
  1520 :    357    849    359
  1521 :    754    921    753
  1522 :    785    844    538
  1523 :    767    910    530
  1524 :    432    908    792
  1525 :    299    876     69
  1526 :    272    959    674
  1527 :    349    905    351
  1528 :    855    865    622
  1529 :    806    807    224
  1530 :    754    873    521
  1531 :    628    916    441
  1532 :    359    849    370
  1533 :    412    860    431
  1534 :    823    898    645
  1535 :    539    863    552
  1536 :    447    858    449
  1537 :    343    891    366
  1538 :    528    872    787
  1539 :    521    934    778
  1540 :    377    874    398
  1541 :    535    856    598
  1542 :    686    902    166
  1543 :    619    878    808
  1544 :    466    822    484
  1545 :    654    894    811
  1546 :    426    956    702
  1547 :    454    848    457
  1548 :    594    853    394
  1549 :    798    845    299
  1550 :    864    907    561
  1551 :    547    873    754
  1552 :    793    822    464
  1553 :    794    942    306
  1554 :    518    814    504
  1555 :    700    932    663
  1556 :    763    837    228
  1557 :    537    856    535
  1558 :    735    879    302
  1559 :    361    846    363
  1560 :    489    861    490
  1561 :    391    853    428
  1562 :    681    899    217
  1563 :    490    861    499
  1564 :    846    847    389
  1565 :    775    891    339
  1566 :    306    942    746
  1567 :    591    860    393
  1568 :    746    942    268
  1569 :    421    878    619
  1570 :    821    921    778
  1571 :    522    869    605
  1572 :    674    959    298
  1573 :    363    846    389
  1574 :    805    909    567
  1575 :    524    943    882
  1576 :    325    881    327
  1577 :    479    906    475
  1578 :    733    912    426
  1579 :    885    920    803
  1580 :    305    958    307
  1581 :    685    902    686
  1582 :    477    906    816
  1583 :    753    921    821
  1584 :    382    849    357
  1585 :    795    868    495
  1586 :    171    918    832
  1587 :    452    838    502
  1588 :    901    932    700
  1589 :    247    951    813
  1590 :    449    858    539
  1591 :    531    844    837
  1592 :    569    935    709
  1593 :    370    846    361
  1594 :    794    941      0
  1595 :    512    844    531
  1596 :    407    908    402
  1597 :    690    885    803
  1598 :    738    895    372
  1599 :    226    878    829
  1600 :    475    906    477
  1601 :    814    927    564
  1602 :    502    848    454
  1603 :    353    905    349
  1604 :    741    928    510
  1605 :    468    929    480
  1606 :    912    956    426
  1607 :    457    848    503
  1608 :    521    921    754
  1609 :    513    911    741
  1610 :    538    844    512
  1611 :    549    856    537
  1612 :    501    861    489
  1613 :    339    891    343
  1614 :    564    887    563
  1615 :    621    892    847
  1616 :    379    853    391
  1617 :    394    853    379
  1618 :    900    950    303
  1619 :    519    869    522
  1620 :    685    957    216
  1621 :    393    860    387
  1622 :    296    953    735
  1623 :    770    941    307
  1624 :    427    923    401
  1625 :    539    879    863
  1626 :    843    913    600
  1627 :    387    860    412
  1628 :    567    909    429
  1629 :    431    899    430
  1630 :    301    919    447
  1631 :    735    953    223
  1632 :    600    913    777
  1633 :    702    956    790
  1634 :    780    871    529
  1635 :    598    904    534
  1636 :    219    914    817
  1637 :    368    874    377
  1638 :    804    949    433
  1639 :    389    874    368
  1640 :    430    899    681
  1641 :    817    887    261
  1642 :    882    943    575
  1643 :    819    886    479
  1644 :    402    908    432
  1645 :    563    869    519
  1646 :    851    852    546
  1647 :    529    871    835
  1648 :    421    923    878
  1649 :    808    878    226
  1650 :    552    926    553
  1651 :    778    934    606
  1652 :    484    929    468
  1653 :    607    956    912
  1654 :    741    911    557
  1655 :    872    937    787
  1656 :    429    909    740
  1657 :    878    923    829
  1658 :    845    876    299
  1659 :    410    949    567
  1660 :    225    909    805
  1661 :    420    897    806
  1662 :    496    907    864
  1663 :    790    956    607
  1664 :    806    936    782
  1665 :    570    897    420
  1666 :    401    923    421
  1667 :    516    947    518
  1668 :    817    914    887
  1669 :    787    937    289
  1670 :    447    919    858
  1671 :    833    904    222
  1672 :    779    910    483
  1673 :    778    921    521
  1674 :    483    917    793
  1675 :    534    947    516
  1676 :    679    920    885
  1677 :    551    948    831
  1678 :    540    893    871
  1679 :    904    947    534
  1680 :    605    948    551
  1681 :    777    913    259
  1682 :    816    906    772
  1683 :    863    951    247
  1684 :    887    914    563
  1685 :    796    936    224
  1686 :    559    937    872
  1687 :    567    949    804
  1688 :    910    917    483
  1689 :    850    954    613
  1690 :    879    951    863
  1691 :    930    931    438
  1692 :    735    951    879
  1693 :    518    927    814
  1694 :    302    879    858
  1695 :    563    914    869
  1696 :    858    879    539
  1697 :    877    940    589
  1698 :    871    893    835
  1699 :    883    938    554
  1700 :    439    931    930
  1701 :    835    893    439
  1702 :    600    957    555
  1703 :    833    947    904
  1704 :    224    936    806
  1705 :    858    919    302
  1706 :    541    954    850
  1707 :    767    917    910
Number of domains 18
  Domain :      0 
  Name : Outer Disk
  Number of elements :     17
    0     1     2     3     4     5     6     7     8     9
    10    11    12    13    14    15    16
  Domain :      1 
  Name : Bottom
  Number of elements :     12
    17    18    19    20    21    22    23    24    25    26
    27    28
  Domain :      2 
  Name : Left
  Number of elements :     25
    29    30    31    32    33    34    35    36    37    38
    39    40    41    42    43    44    45    46    47    48
    49    50    51    52    53
  Domain :      3 
  Name : Right
  Number of elements :      3
    54    55    56
  Domain :      4 
  Name : Top
  Number of elements :      3
    57    58    59
  Domain :      5 
  Name : Inner Disk
  Number of elements :      6
    60    61    62    63    64    65
  Domain :      6 
  Name : Entity46 
  Number of elements :     23
    66    67    68    69    70    71    72    73    74    75
    76    77    78    79    80    81    82    83    84    85
    86    87    88
  Domain :      7 
  Name : Entity 47 
  Number of elements :      8
    89    90    91    92    93    94    95    96
  Domain :      8 
  Name : Entity 48 
  Number of elements :      1
    97
  Domain :      9 
  Name : Entity 49 
  Number of elements :      5
    98    99   100   101   102
  Domain :     10 
  Name : Entity 50 
  Number of elements :      2
   103   104
  Domain :     11 
  Name : Entity 51 
  Number of elements :     17
   105   106   107   108   109   110   111   112   113   114
   115   116   117   118   119   120   121
  Domain :     12 
  Name : Entity 52 
  Number of elements :     26
   122   123   124   125   126   127   128   129   130   131
   132   133   134   135   136   137   138   139   140   141
   142   143   144   145   146   147
  Domain :     13 
  Name : Entity 53 
  Number of elements :     32
   148   149   150   151   152   153   154   155   156   157
   158   159   160   161   162   163   164   165   166   167
   168   169   170   171   172   173   174   175   176   177
   178   179
  Domain :     14 
  Name : Entity 54 
  Number of elements :     32
   180   181   182   183   184   185   186   187   188   189
   190   191   192   193   194   195   196   197   198   199
   200   201   202   203   204   205   206   207   208   209
   210   211
  Domain :     15 
  Name : Entity 55 
  Number of elements :      2
   212   213
  Domain :     16 
  Name : DirichletConstrainRight
  Number of elements :     1
    80
  Domain :     17
  Name : DirichletConstrainLeft
  Number of elements :     1
    172
