Size 1639,2
7.543748135796554966e-06,-1.548678215571563639e-05
7.610453461034245409e-06,-1.714075225883266779e-05
-1.315766219394587302e-05,-3.947920389968893975e-06
-8.711206377595460214e-06,-2.937514182582863515e-06
-3.854281475998130414e-06,-4.309252818128465413e-08
-5.397680589285514777e-05,-7.363703654739820839e-06
-5.650220298141135113e-05,-1.492391914016357131e-05
-5.648455389932747665e-05,-7.361821753303939986e-06
7.525666223225296132e-06,-1.407596463918161630e-05
-3.745570987029719503e-06,-8.737842473716597736e-07
-1.871836724133847338e-06,1.797698067798834059e-06
-5.314634828101287133e-05,-1.573926603291103205e-05
-5.315671428127104301e-05,-1.171424557348771781e-05
9.511957671091998814e-06,-8.316210746573488645e-06
6.790330503369042331e-06,-8.314132306125836727e-06
8.711769537979702126e-06,-1.407484594977334366e-05
-1.266031776891595159e-05,-4.264760556083884934e-06
-1.217925600108335521e-05,-4.592822908740270349e-06
-1.169078961117132221e-05,-4.943161637077796611e-06
-1.116674049958226041e-05,-5.334538340878147937e-06
-1.056996722827791208e-05,-5.789508760679394771e-06
-9.856233024780188613e-06,-6.337750244885902490e-06
-8.967953236955648541e-06,-7.003881317920331651e-06
-7.849955508485019728e-06,-7.818498484326325145e-06
-6.464077836833819381e-06,-8.802888033937707115e-06
-4.835539408071518728e-06,-9.928814515970615001e-06
-3.128873771772536459e-06,-1.108816259163372413e-05
-1.448762936585278187e-06,-1.220299636047325025e-05
1.812906042668169117e-07,-1.325899940558242143e-05
1.700080649313047322e-06,-1.420189986124845144e-05
2.965622228334196199e-06,-1.495167880849504134e-05
3.949433354598613761e-06,-1.549853113450479902e-05
4.696666575019019117e-06,-1.589289397692020058e-05
5.276171355596262856e-06,-1.618563607289487768e-05
5.738711171911492763e-06,-1.639840797637778655e-05
6.119332271927855848e-06,-1.656750430521312115e-05
6.446344991287864840e-06,-1.670593704307202514e-05
6.738861577407958844e-06,-1.682392813452550492e-05
7.014221207122760554e-06,-1.693324914297188020e-05
7.292238557284184883e-06,-1.704138839630061015e-05
7.396983838391752419e-06,-1.529129965659363293e-05
7.228477821327779122e-06,-1.509677450389414701e-05
7.029625130073842531e-06,-1.488586996534013229e-05
6.788132659451129173e-06,-1.464009572107424568e-05
6.488054989504994126e-06,-1.434557349925385496e-05
6.097747896168873987e-06,-1.397495020154938484e-05
5.572960754837690582e-06,-1.350237383759844779e-05
4.855826887928550520e-06,-1.287613368815711240e-05
3.877517745340111715e-06,-1.205884311576287120e-05
2.601563339382888008e-06,-1.103939832420806177e-05
1.097730113089856176e-06,-9.887841202229615144e-06
-4.913838938335964474e-07,-8.700123227263843577e-06
-2.139384310991371439e-06,-7.494296975255804068e-06
-3.771190147203539409e-06,-6.323076476718151246e-06
-5.205254790491964000e-06,-5.314600315045234406e-06
-6.373947644317565046e-06,-4.509301472136319376e-06
-7.304239425454213433e-06,-3.877843310755366344e-06
-8.054509196050105844e-06,-3.371960279118094266e-06
-4.438190652555650750e-06,-1.764503802143820443e-08
-5.211202186912884954e-06,-2.186638914235798887e-08
-6.119791764131224490e-06,-4.505838938816775764e-08
-7.018394206340698627e-06,-5.916346932804572162e-08
-7.862081368105264002e-06,-8.227115011824840421e-08
-8.633915607108139011e-06,-1.098604588232918838e-07
-9.338015398478905179e-06,-1.453409938295756035e-07
-9.984267285198680127e-06,-1.961616628030670913e-07
-1.058680105831727762e-05,-2.561878637925129273e-07
-1.116620339413176715e-05,-3.243155027036218756e-07
-1.174111434014772852e-05,-3.998148891095936009e-07
-1.233568628490175394e-05,-4.829334903152960549e-07
-1.297872729695393936e-05,-5.742353100388487619e-07
-1.370707428639141448e-05,-6.773177832611084782e-07
-1.456953832046516519e-05,-7.979920900630402404e-07
-1.563427308758584596e-05,-9.491715858524730172e-07
-1.698156070475065070e-05,-1.143651207455884022e-06
-1.868817146730131334e-05,-1.402275022175286191e-06
-2.075125367490674553e-05,-1.727431022947645908e-06
-2.300518127121157011e-05,-2.091685132135920923e-06
-2.531043540276270938e-05,-2.469740057946864866e-06
-2.765750150420703799e-05,-2.858798517492720835e-06
-3.004182316433662343e-05,-3.257623208487981888e-06
-3.245915970254834769e-05,-3.665130524320620227e-06
-3.490556617378715281e-05,-4.080275196741362142e-06
-3.737777772972077827e-05,-4.501901094967351426e-06
-3.987249317401572502e-05,-4.929899919604754668e-06
-4.238692909263862296e-05,-5.362810691865633428e-06
-4.487792682215339122e-05,-5.793393019891688171e-06
-4.712207424315659237e-05,-6.180066747737367693e-06
-4.900202166673701086e-05,-6.504420037517325883e-06
-5.055052988070912994e-05,-6.771980998279735617e-06
-5.184601402605163969e-05,-6.995487505754368467e-06
-5.296669466885154287e-05,-7.188812912227952591e-06
-5.648464887437443477e-05,-8.326423129512120313e-06
-5.648538777916662523e-05,-9.153218627947949939e-06
-5.648684630176334300e-05,-9.887407862735622194e-06
-5.648878595906455311e-05,-1.056370793219502992e-05
-5.649119918048377064e-05,-1.121058576097761820e-05
-5.649368347388470952e-05,-1.185333851886092920e-05
-5.649626938918162551e-05,-1.251668349871735984e-05
-5.649863477993320059e-05,-1.322723647652244647e-05
-5.650064258503701759e-05,-1.401641996792430212e-05
7.525750803640833319e-06,-1.440921459167759007e-05
7.526331204402704401e-06,-1.468250468612758845e-05
7.527846639053410976e-06,-1.490961689432700895e-05
7.530763159549878379e-06,-1.510130684348118257e-05
7.535532718049063105e-06,-1.526418343982298491e-05
7.541672662095189855e-06,-1.539948756210816875e-05
-8.249197936902421987e-06,-2.743701801947759729e-06
-7.700011589652310635e-06,-2.535630078018099790e-06
-7.073907721451359820e-06,-2.300868898906136268e-06
-6.377266921087857312e-06,-2.031069368343085374e-06
-5.635066510606145578e-06,-1.737647795704299366e-06
-4.891651025310753317e-06,-1.427064824413051750e-06
-4.245714011016782228e-06,-1.137281494599217891e-06
-3.592783293643678543e-06,-1.138066342168069169e-06
-3.384141296474693156e-06,-1.423481824887085255e-06
-3.120121144710149919e-06,-1.676204598073961532e-06
-2.808553599714033123e-06,-1.877339234519409102e-06
-2.469792997716620322e-06,-2.012909242626720200e-06
-2.124134052603833255e-06,-2.080605099778443187e-06
-1.769449988743222298e-06,-2.083797165436645111e-06
-1.402849329999018656e-06,-2.017611509765755153e-06
-1.044609008250589387e-06,-1.876792809287796211e-06
-7.200270729107287024e-07,-1.668037967086549122e-06
-4.605759912123477467e-07,-1.420916162503456474e-06
-2.776723268724492209e-07,-1.176481034711293696e-06
-1.571979257950695622e-07,-9.572492595775021772e-07
-7.886744999778717134e-08,-7.684505577904520309e-07
-2.879893250512946476e-08,-6.055722374590311397e-07
2.743188080060847037e-09,-4.611879786927045366e-07
2.098013915796583577e-08,-3.272576065356014101e-07
2.432926741195960383e-08,-1.892321593453181846e-07
0.000000000000000000e+00,0.000000000000000000e+00
0.000000000000000000e+00,0.000000000000000000e+00
-4.781706220140220905e-09,1.952108496203838927e-08
-4.753560700068061753e-09,6.632928376499853963e-08
-6.905879024045016508e-09,1.254206283870270842e-07
-1.268710783243427063e-08,1.949737141314364360e-07
-2.362949471735038125e-08,2.762675156648729634e-07
-4.213584290455455452e-08,3.725638705636024403e-07
-7.286013960750712408e-08,4.882975781242336347e-07
-1.224104601277789667e-07,6.296342861432315148e-07
-2.027295867792907427e-07,8.017670567813655799e-07
-3.300902009148518551e-07,1.007729088868689421e-06
-5.254309542932558629e-07,1.238425740056243475e-06
-7.987166872412504888e-07,1.465042085170312956e-06
-1.129529865186752729e-06,1.645386743607166805e-06
-1.492136399623645881e-06,1.758082807776490503e-06
-2.241897286110895015e-06,1.764015820764182504e-06
-2.599830266443577568e-06,1.660315908179881753e-06
-2.932401283720204767e-06,1.490121845594995410e-06
-3.227139427019166202e-06,1.259615800718759241e-06
-3.473267132212877641e-06,9.773860539816005107e-07
-3.662713173676655581e-06,6.542346645505558320e-07
-3.788550335970309670e-06,3.048289940467136693e-07
-5.479292639466855038e-05,-7.362335618492419256e-06
-5.561947734322081522e-05,-7.361821512166199378e-06
-5.718027877645883144e-05,-1.575143112105524963e-05
-5.737321215121567023e-05,-1.705121831815808013e-05
-5.661358034624090042e-05,-1.841792486974302639e-05
-5.499670756235800178e-05,-1.894797923392350483e-05
-5.350933609393465070e-05,-1.822696858769274570e-05
-5.293005832119251691e-05,-1.690379776174323888e-05
-5.314710176798076582e-05,-1.484370613536080616e-05
-5.314823377977341930e-05,-1.407858829440857595e-05
-5.314961400492244231e-05,-1.340823563646643383e-05
-5.315123657840533722e-05,-1.280499038786436173e-05
-5.315324111718077078e-05,-1.224684562784875986e-05
-5.254839018190472918e-05,-1.160206553132692831e-05
-5.186525381880799108e-05,-1.147738065604142556e-05
-5.107349953408850906e-05,-1.133325637863059689e-05
-5.012669658910603928e-05,-1.116047213818475108e-05
-4.896175934364451648e-05,-1.094788830149210206e-05
-4.749907671877885891e-05,-1.067992559979836267e-05
-4.565828628166046217e-05,-1.034209233993640075e-05
-4.341184803479172376e-05,-9.929209662973388506e-06
-4.090807870579152674e-05,-9.467628784716305282e-06
-3.838972584603624473e-05,-9.000275711795794782e-06
-3.589350365885216325e-05,-8.533020415309467216e-06
-3.342147783015329046e-05,-8.067406123128564692e-06
-3.097759569192858975e-05,-7.602694077327305891e-06
-2.856563656696061373e-05,-7.139412336539837450e-06
-2.618976199795775334e-05,-6.678043456518990995e-06
-2.385446563133629961e-05,-6.219166950073791251e-06
-2.156463354275926856e-05,-5.763437120929499790e-06
-1.935969700822936430e-05,-5.318507375546211900e-06
-1.746402143741078021e-05,-4.919449060312888412e-06
-1.595788444033796320e-05,-4.593140100357603228e-06
-1.479333022057194484e-05,-4.334705889477061507e-06
-1.388473465493811350e-05,-4.124419589393696329e-06
7.751041877327522403e-06,-1.731650617421855217e-05
7.879310710978383391e-06,-1.749392914949488248e-05
8.029464309924826964e-06,-1.759763351290823054e-05
8.155084283558753665e-06,-1.758827869402741488e-05
8.265837113585835060e-06,-1.752048477521070849e-05
8.355657184167632063e-06,-1.742148790269112672e-05
8.430262954487681410e-06,-1.730900799679251832e-05
8.494523121652588975e-06,-1.719032316166530121e-05
8.549959258535388032e-06,-1.706723305168831716e-05
8.601399927886037736e-06,-1.694041424453920089e-05
8.649496161221564223e-06,-1.680624079852932116e-05
8.696161908775945022e-06,-1.666138582905274686e-05
8.743439237457645058e-06,-1.649999544478780627e-05
8.793045297739096193e-06,-1.631436263656525686e-05
8.845622286411191523e-06,-1.609376735705937789e-05
8.905066197090632282e-06,-1.582030044463286097e-05
8.971449082793454878e-06,-1.547120444534813067e-05
9.046613726670718749e-06,-1.501038459081023498e-05
9.133360042261016784e-06,-1.438170923603467322e-05
9.221588026322187950e-06,-1.351882915145231266e-05
9.314081049763676091e-06,-1.242066020978875826e-05
9.384055796499518013e-06,-1.142096807191384639e-05
9.429073638343600974e-06,-1.058838896158195335e-05
9.461898491741577049e-06,-9.894248859398503972e-06
9.483866204545688021e-06,-9.302714845360251852e-06
9.500043453625826552e-06,-8.785604098814772472e-06
9.985196276786909028e-06,-8.221107267934170767e-06
1.051861225719786040e-05,-8.078110425571037232e-06
1.113678222898110741e-05,-7.863372487505862268e-06
1.186195808862369969e-05,-7.538180056718248110e-06
1.270728900087218748e-05,-7.044370472460913281e-06
1.365633483742505222e-05,-6.306505295172587127e-06
1.463134583814120509e-05,-5.260110010997936459e-06
1.548395710364223503e-05,-3.919650827249075503e-06
1.607192986968389954e-05,-2.409142751045834341e-06
1.635250203710249798e-05,-8.126805724513759222e-07
1.631465752200519286e-05,8.081683664376845474e-07
1.595959214575532240e-05,2.390311498976624120e-06
1.530109506106378211e-05,3.872413787560785479e-06
1.436466613290032683e-05,5.196771435768791439e-06
1.318662458460776341e-05,6.311871177629610205e-06
1.181289001315335880e-05,7.174138792363583555e-06
1.029691478282837798e-05,7.750190406624639432e-06
8.697982038747367501e-06,8.017617404554318832e-06
7.078509878911980589e-06,7.966254825487352470e-06
5.501596397043913930e-06,7.598360784871295364e-06
4.029046798326873000e-06,6.928919130157498573e-06
2.745072961779191376e-06,6.008175693473038411e-06
1.772869088701986489e-06,4.997964057631723738e-06
1.112655848499017694e-06,4.051644669698596807e-06
6.863457159814163345e-07,3.236438797227591895e-06
4.149181063924564876e-07,2.555528710745513607e-06
2.413787833626065865e-07,1.987453928286980037e-06
1.297338456997623818e-07,1.506741584229225730e-06
5.847235309947444333e-08,1.090030730899978676e-06
1.468939501435299668e-08,7.182969340879287584e-07
-7.921441111177064858e-09,3.731523367683062440e-07
0.000000000000000000e+00,0.000000000000000000e+00
0.000000000000000000e+00,0.000000000000000000e+00
-4.357531733425435814e-08,-4.911388822714536880e-07
-2.531199254135702012e-08,-8.871238725898349221e-07
1.879916413713077730e-08,-1.293960330281945405e-06
9.175736124259640846e-08,-1.736563900930557747e-06
2.051884366602101072e-07,-2.237797788225354396e-06
3.798441032721863080e-07,-2.822165929325939788e-06
6.511967574091000752e-07,-3.516382647401982526e-06
1.074679363187601126e-06,-4.342183043691577959e-06
1.727898297191184519e-06,-5.298293128637838053e-06
2.659630335529986766e-06,-6.293673458581177733e-06
3.609558376988288313e-06,-7.035408920367828899e-06
4.454551904824505795e-06,-7.531119707261689351e-06
5.178186691032670837e-06,-7.857340174476990904e-06
5.793846599379933731e-06,-8.072777855756141922e-06
6.323499445739985026e-06,-8.216669366063103616e-06
6.796879620960104504e-06,-8.783954960785074370e-06
6.808020453701030143e-06,-9.299359561025856118e-06
6.827221854847660083e-06,-9.886670900328838979e-06
6.853166661900990600e-06,-1.057568684288663570e-05
6.892266635434903400e-06,-1.139911516656532250e-05
6.948879593969947231e-06,-1.238655226983831665e-05
7.032158857804475817e-06,-1.351286572973302604e-05
7.124864263558490142e-06,-1.444210368041104813e-05
7.213136304124684099e-06,-1.513804817983895830e-05
7.294734836879701698e-06,-1.565549093883447169e-05
7.370777188637937418e-06,-1.605827291693681639e-05
7.446186504848893163e-06,-1.637894798954617480e-05
7.516687943231891740e-06,-1.664548617911072083e-05
7.587928723750478734e-06,-1.687540700619229557e-05
7.663076787556843825e-06,-1.707754846373239012e-05
7.743331292667844453e-06,-1.726102784458314511e-05
7.835177671116551695e-06,-1.741744829924464288e-05
7.950476965615849414e-06,-1.754327884894804306e-05
8.073765461837922750e-06,-1.760632475378000363e-05
8.220484362673122818e-06,-1.756820006642252695e-05
8.382263453288502463e-06,-1.737646637009446384e-05
8.527061319176209149e-06,-1.707212845169247777e-05
8.628629789701224083e-06,-1.672452991965105528e-05
8.690700824598400075e-06,-1.636421293952595451e-05
8.719264800358017851e-06,-1.600840811764504907e-05
8.725819528844228488e-06,-1.566267641764052746e-05
8.720946741292659888e-06,-1.531880892057764846e-05
8.715037315856039805e-06,-1.495782478811947473e-05
8.712228926972926074e-06,-1.455290143334829025e-05
8.285123314153153894e-06,-1.407508278229461811e-05
7.894901893872143648e-06,-1.407573913478392269e-05
-4.498050797271025238e-08,3.366865519114996604e-08
2.399439165744867366e-07,-4.193305852745122225e-08
9.666743310591966663e-06,-7.878566122883101278e-06
6.092258086089740486e-06,-7.675844496749733320e-06
-1.746925666232948342e-07,-6.493709317214034422e-07
9.966760948046991082e-07,-2.940231384044474473e-06
1.078233951611247059e-06,2.663771397677129277e-06
-3.284959974637262869e-07,6.374877710717347310e-07
1.476517732619312416e-05,1.356539067982224699e-06
1.254807486136551033e-05,-5.945357474194529134e-06
-2.252818000232834451e-06,-1.744554931779408465e-06
-2.330555595450866467e-06,1.415861871583017580e-06
3.671689013477194848e-06,-5.955868104782724868e-06
5.265859141751304426e-06,6.187622209760428323e-06
-7.658400073631463241e-07,-1.371386363637974934e-06
-8.071715269570773478e-08,2.354053334265607096e-07
4.073516304863849943e-07,8.238539675703137943e-07
3.281376022032219004e-07,-1.048844672759765546e-06
-6.086040781416465204e-08,-9.795919287063012601e-08
-3.468877882786287943e-06,7.336223124757028318e-08
-1.139818118007589617e-05,-8.403720247853486037e-07
7.568399357077884182e-06,-1.694309409348175856e-05
7.385381702842587250e-06,-1.552647609360309583e-05
7.520135235873035401e-06,-1.565934370256600824e-05
-1.209628784722751663e-05,-4.024302769044882518e-06
-7.777887517171808384e-07,1.132203867253277766e-06
-5.292345585161103766e-05,-1.114624854393750593e-05
9.231680626774650466e-06,-7.949308529079982972e-06
9.370493690970732036e-06,-7.553627440788782909e-06
8.979803080784610149e-06,-7.630544224489421094e-06
9.107253066741212094e-06,-7.265044401666027433e-06
8.740013887541659194e-06,-7.334330794972014273e-06
8.860612829045269863e-06,-6.984176456284686203e-06
8.506229542636124062e-06,-7.058059067898303941e-06
8.628844720254439263e-06,-6.706614944346258896e-06
9.453199892103392657e-06,-7.221700428364385208e-06
8.551095869888852139e-06,-1.675157719703998676e-05
1.055609398973709542e-05,6.327898396435056996e-06
-5.599419959480111530e-05,-9.394004302394495337e-06
8.838766439518504331e-06,-7.988327599666490505e-06
8.421463952241843432e-06,-1.714266326556168136e-05
7.361267697435393745e-06,-1.572505489306377075e-05
7.498362310743079915e-06,-1.584499894352043821e-05
7.647672201466711680e-06,-1.546133794104300808e-05
-3.269263783349787972e-06,-1.096218529508246625e-06
-5.155232352166159234e-05,-1.061232284892894940e-05
-5.354177058952036994e-05,-1.205551456013913396e-05
8.609632147488645209e-06,-1.622375631928889503e-05
8.301164680078195563e-06,-1.738659557287924152e-05
7.274317652475530270e-06,-9.082397586562714471e-06
6.743267446298740213e-06,-1.498818352329524558e-05
-1.261613077672095892e-05,-1.030950268046318484e-06
7.641712132061758442e-06,-1.577713242648973475e-05
7.625312980483361618e-06,-1.596146770805751666e-05
-1.014650595049147981e-05,-6.795040599704372005e-07
-1.111271557427065782e-05,-4.677281675658129995e-06
7.338733631203726942e-06,-1.591942529808703567e-05
7.186145140485466302e-06,-1.580132551114577492e-05
-5.593416624816736281e-05,-1.086066369476851200e-05
8.388503403122223449e-06,-7.392284821965575455e-06
8.164834578638370635e-06,-7.125922736331771931e-06
-5.365418751415346096e-05,-1.310075770785162302e-05
7.764399635328146694e-06,-1.589177309567368804e-05
7.752838385828559505e-06,-1.607762479117801484e-05
7.665156669413641919e-06,-1.518409397476002019e-05
7.708144362631915095e-06,-1.479627545027757079e-05
7.706781681514937154e-06,-1.653085459709200550e-05
1.120993393284419949e-05,-7.155884634604532833e-06
1.465330919844641820e-05,-2.656101630417837598e-06
-8.552912502645480317e-06,-2.373144351942589527e-06
-9.086043659008500819e-06,-2.506817263074493075e-06
-3.103174696810753575e-06,9.076471631440132665e-07
7.784444263165076248e-06,-1.698260269705458087e-05
7.604299555474901257e-06,-1.615237980999916986e-05
-1.503290224752602566e-07,3.997417260480732150e-07
5.713431428116968984e-07,1.654848617078026648e-06
5.498252006278869413e-07,-1.892498059478562748e-06
9.151472298949030597e-06,-9.013372022266806391e-06
-8.092779783336783082e-08,-3.571961971287434669e-07
5.163977428270214405e-06,-7.132216911178044758e-06
-5.337167491961710276e-05,-8.025586596528999129e-06
-9.251678768759004977e-06,-3.074999751895081993e-06
-9.611173476505226684e-06,-2.665658881359988128e-06
7.165669867082396740e-06,-1.600424506550636509e-05
6.994881201223913617e-06,-1.588504846329045659e-05
8.051822540630088071e-06,-7.448288669659682590e-06
7.831965328180650262e-06,-7.189092994275707653e-06
7.943250292309947494e-06,-6.856521968371514985e-06
7.594181156199049252e-06,-6.922698373573219956e-06
7.710353117601491632e-06,-6.572196250633529926e-06
7.342570090680074640e-06,-6.647436604305615723e-06
7.464966642337272859e-06,-6.255465262690886720e-06
7.030628315027584879e-06,-6.355584528213455233e-06
7.186398476299729709e-06,-5.907718898612429321e-06
7.654607446111475952e-06,-5.834792252375625100e-06
7.340766930795566572e-06,-5.425197834065847215e-06
7.962980163347705299e-06,-5.331744752850633522e-06
7.531823829872181753e-06,-4.883180454494583949e-06
8.166362223281445478e-06,-4.743002549142824984e-06
7.730637423525677177e-06,-4.231096954041885558e-06
8.425345326403794080e-06,-4.097520792580437143e-06
7.937655782239287807e-06,-3.500833449295437581e-06
7.096997966567501503e-06,-3.583010589543210296e-06
7.453622286618909865e-06,-2.887346561083059306e-06
8.123523071916674052e-06,-2.740755276825852520e-06
7.643385396321523035e-06,-2.267827197032861486e-06
7.062713435894737715e-06,-2.347794125443523779e-06
7.303030572494139267e-06,-1.830442920495023130e-06
6.776807032744213476e-06,-1.890123067110759347e-06
7.792160462507589209e-06,-1.745012861886314718e-06
7.503397905279644903e-06,-1.372953828207257777e-06
7.936188709578714877e-06,-1.306553300498555668e-06
7.676323070965398738e-06,-9.887900260087496290e-07
8.062623514027228785e-06,-9.269616553433899146e-07
7.834839055533238412e-06,-6.402231226512133765e-07
8.332556984064087659e-06,-1.219202146207418742e-06
8.889815652888039105e-06,-4.756982895777116138e-06
9.186115670335839571e-06,-3.999967857682492144e-06
6.473280011503819373e-06,-2.390159595469573119e-06
6.186302542702828629e-06,-1.796269417625095260e-06
5.819243736757364724e-06,-2.465267822143757041e-06
5.431287707075399880e-06,-1.872702334779407402e-06
5.759595301273203369e-06,-1.244986964455064512e-06
5.010369329924134485e-06,-1.279253607796694976e-06
5.384222370234726053e-06,-6.524891323754457287e-07
4.609377641360551397e-06,-6.558682742245806696e-07
5.031689415747335338e-06,2.263741674320468726e-08
4.223710330909295685e-06,2.769276034777305518e-08
4.675744914450447943e-06,-1.988363293709860229e-06
4.629030152249470011e-06,7.261758017995825021e-07
5.443920556719238662e-06,7.154402981085280304e-07
6.719571208196733313e-06,-5.975324207503397214e-06
7.476580939528631690e-06,-6.915689166132110671e-07
5.058065041362480589e-06,1.403372183401217250e-06
5.826524837608352007e-06,1.396281942816690755e-06
4.197280509171902744e-06,1.427111723982637127e-06
9.685919662861513238e-06,-4.691363277223920119e-06
1.000522089864417252e-05,-3.949120515450109076e-06
-1.363843628964715305e-05,-3.461933005047773955e-06
-3.898002439645525659e-07,-9.389885419572725590e-07
-5.594768080582379654e-05,-1.219913745585266216e-05
8.660604725697826210e-06,-1.566223403507864325e-05
2.131618179622271521e-06,-4.286442904967155712e-06
7.737818575838264454e-06,-1.626975008898002290e-05
-5.617922254914837251e-05,-1.588005745157559841e-05
7.888392142827575136e-06,-1.619115575416172601e-05
7.871949572082978530e-06,-1.639694464254675175e-05
-5.374087105054895414e-05,-1.440200476237662011e-05
5.480343001839821617e-06,2.036468401995046390e-06
6.213736498168168600e-06,1.985912900965762096e-06
6.521887148079371799e-06,1.410288124370014678e-06
6.861580080816499350e-06,1.921695193145185248e-06
7.137816379693150666e-06,1.406589524030293410e-06
8.182587709654355403e-06,-5.846126357435641352e-07
7.433921799431949612e-06,1.865346910120503220e-06
7.669445169813244434e-06,1.402457671615642811e-06
7.953229814257896420e-06,1.828609538335647214e-06
8.173122132524609821e-06,1.385508811672823891e-06
8.450086440035495486e-06,1.789430918059590989e-06
8.667321939768851883e-06,1.362601177909181045e-06
8.942051154938443003e-06,1.761855431552849747e-06
9.171779449628686802e-06,1.340360394976752462e-06
9.459541494801718147e-06,1.750962794854383897e-06
9.715942053828545172e-06,1.287678871194862346e-06
1.003014084333973807e-05,1.754197446350906187e-06
7.744251890139127159e-06,2.308492481461047809e-06
9.241782333210465182e-06,2.303576893093525769e-06
1.028925930283467290e-05,1.223589513909991629e-06
9.948611273534755243e-06,7.357550648109111811e-07
1.053738066833067983e-05,6.858963571981677927e-07
1.019377172939797162e-05,2.108311795910522630e-07
1.078572675140651745e-05,1.516514839051457247e-07
1.040961513225110004e-05,-3.790137307393220489e-07
1.064540200318485936e-05,1.735544635254688375e-06
7.968731085077881754e-06,-3.166300551989341957e-07
8.301782185445146241e-06,-2.628159370576384203e-07
1.105641594521648750e-05,-4.070334104612436860e-07
8.519290114676052821e-06,-5.219116909718536106e-07
1.069760740081025946e-05,-9.701375844008157800e-07
8.634951866857379460e-06,-2.021152744156206392e-07
8.859691640659129083e-06,-4.679734350257950590e-07
6.868592679829550182e-06,8.808721253562716974e-07
6.631536279285102764e-06,2.549291561285289250e-06
8.090512451737223848e-06,-4.118939271118664689e-09
8.999770324695019469e-06,-6.624275142219313852e-06
1.118324795058414654e-05,6.781169604209339996e-07
7.762370767641042099e-06,-5.086598329698056905e-08
7.438900657586523936e-06,-1.013761089226119982e-05
-9.811078263308405963e-06,-3.178741507727926200e-06
-1.009724081940714208e-05,-2.804775295572060726e-06
-9.497137626676342253e-06,-3.593700966710737203e-06
-9.962358430190354437e-06,-2.376140099536793878e-06
-1.038693264807940032e-05,-2.507750977921448911e-06
-1.052780055452029118e-05,-2.904662608297446845e-06
-1.078490355906133425e-05,-2.607516952692040847e-06
-1.065814871808337386e-05,-2.231763409572936579e-06
-1.104261208872700220e-05,-2.327183864083726505e-06
-1.117117600450644912e-05,-2.700667020487396779e-06
-1.142521379287273654e-05,-2.418238489673976233e-06
6.066989557263256802e-06,-1.451839183696421934e-05
5.783706641402467756e-06,-1.605899443338649809e-05
-8.095405661111066054e-06,-4.194947790372162762e-06
6.843260335216803151e-06,-4.952685952760299209e-06
1.136586421232703358e-05,-1.011161251174875770e-06
3.011341256575928638e-06,4.657975597703335092e-06
-5.588797316082602749e-05,-1.353371831854662453e-05
3.808878117541450349e-06,-6.574894015348558221e-07
3.417492739275513475e-06,8.589491250260201517e-09
3.052910736448968551e-06,-6.421895807861356925e-07
2.681720757214092131e-06,-3.877247094042828461e-08
2.361057452622072818e-06,-6.314680702634975663e-07
2.620129307933349229e-06,-1.237668124418503748e-06
2.038262042716430404e-06,-1.020208498561248986e-07
2.283301240830933037e-06,4.740866029412114049e-07
-8.910562443988839920e-06,-1.978071933094411458e-06
-8.378724693766471251e-06,-1.846263303497478313e-06
-1.297122039496081454e-05,-3.322029542356285280e-06
1.032689336330902973e-05,2.372366899303440059e-06
1.118061571510333091e-05,2.317018025901904232e-06
8.489053103182278516e-06,-1.548021541893388205e-05
-1.338641438422733257e-05,-2.830517769616777440e-06
-1.410966619875877823e-05,-2.938965196313108802e-06
7.497310829647727353e-06,-7.258534847478701445e-06
7.798001169051506411e-06,-1.705230741411821804e-05
1.094747810746921909e-05,-1.570520822263188993e-06
1.021786641599325357e-05,-1.442765943047923214e-06
1.776195787750489297e-06,-5.861849507651905410e-07
7.915020118418130988e-06,-1.736768212583540829e-05
1.173111244615637483e-05,-3.348762987119666710e-07
8.978351458579305499e-06,-1.377465778015472218e-07
8.747718188262779718e-06,1.168914785281168083e-07
1.497754737343322047e-06,-1.409642044228403458e-07
6.976249917102806857e-06,-1.609815963942397483e-05
7.144694803993065094e-06,-1.620802153269111138e-05
-1.155744085901374879e-05,-2.793653852957001040e-06
-1.130496799720183189e-05,-3.066262899851318051e-06
-1.181824146526804585e-05,-2.505233156993170014e-06
-1.169143834496411552e-05,-2.124340215115221483e-06
-1.209730183320083783e-05,-2.207109901502178127e-06
8.163361329012735419e-06,-1.758238849235155824e-05
-4.989731971990082974e-05,-1.013736383638951681e-05
6.782352284260640278e-06,-1.598027295097821171e-05
8.740923343295012369e-06,-6.318625156266679998e-06
9.149205333254041458e-06,-6.230756580062312149e-06
7.871597567339865524e-06,2.533672527027743781e-07
-1.326785438474287052e-06,-1.672030982983351451e-06
7.581151638210685522e-06,-1.634662565959122934e-05
7.679209680273571800e-06,-1.589160480011944442e-05
8.029995630911181944e-06,-1.631157603076751212e-05
8.013085641307619806e-06,-1.653287391350732557e-05
8.044839987986274931e-06,-1.609402513792397785e-05
6.010349967004623492e-06,-7.029848322665233810e-07
9.220086206550842650e-06,-4.112904543685342727e-07
9.087769358450470400e-06,-7.640548876513927502e-07
-1.092237590120726257e-05,-1.956128503520368712e-06
-1.053071249199161843e-05,-1.861121335930734471e-06
-1.396704607102879552e-06,1.421289036541342662e-06
-9.836859671412751245e-06,-5.461645421406955980e-06
1.169264042830445602e-05,-1.661970968991945107e-06
6.554106355136689025e-06,-6.486174499753886190e-06
6.198831171511537961e-06,-6.049839960299013836e-06
1.068810782076893671e-05,3.154814254802227118e-06
1.165172238219546117e-05,3.113283652547069678e-06
-1.001239358922692985e-05,-3.682317600729381537e-06
7.529596571537845838e-06,2.309248032792365722e-07
6.804951540828647289e-06,-1.573978868872191188e-05
-2.821211406456362148e-06,-1.525362487663306648e-06
4.710707916112559645e-06,-1.518688911529610898e-05
1.259446856994866344e-06,-5.235632659305084640e-07
1.466864230453572312e-06,-1.001900021006370814e-06
7.709038395214974266e-06,-1.476210583139313018e-05
8.989472409942612401e-06,-1.028434469830582133e-05
1.049437801852726905e-05,-4.647672426805842707e-06
1.091973781294572349e-05,-3.815174185503165705e-06
7.778121260568512157e-06,6.691812732745747344e-06
-8.744059948324649768e-06,-1.459644055206130343e-06
-5.392332968978911248e-05,-1.648569100140548764e-05
-9.267402117271260123e-06,-1.577672668391789063e-06
-7.363952061428255397e-06,-6.919426255595503161e-07
9.094964704911684462e-06,1.989664773068652331e-07
-1.545019287672956800e-05,-3.536615555316636099e-06
6.951862583675049466e-06,-1.631090812089993163e-05
7.134199589134874237e-06,-1.641573061511681516e-05
8.370956728126807323e-06,9.952485425148447571e-07
9.476837693460574892e-06,-7.078486997575222850e-07
9.328457742390445709e-06,-1.086308327799282216e-06
-1.195110792413811483e-05,-2.910936025477410293e-06
-5.092546038010834186e-05,-8.002512648103522004e-06
-1.382340865153855690e-05,-2.293582960151979275e-06
1.217529006975323887e-05,2.165267260436783629e-06
6.564181002927014975e-06,-1.584237917780680004e-05
8.270555845645819298e-06,-7.717996159340645087e-06
7.936900699676268856e-06,-7.765945429567290141e-06
8.150073049673955394e-06,-8.036481905777263641e-06
7.821437657552995519e-06,-8.082901208869493168e-06
8.036225426982492932e-06,-8.359024384806696680e-06
7.967023036515291900e-06,-1.742121980577823176e-05
-5.560342874080368596e-05,-1.513506029083789928e-05
8.417852712520286493e-06,-1.477079134944536988e-05
1.012594322196251899e-05,-5.406122543494253821e-06
-5.514176985204341449e-05,-8.086065074502834024e-06
1.037252700324654548e-06,-1.360503607426027974e-07
1.230581623326168098e-06,2.165076979637749537e-07
9.515740363787153006e-06,-3.213769095268064603e-06
1.051167207007622470e-05,-2.105489343471361965e-06
7.676175126687762867e-06,-1.180948729114866522e-05
-1.080349147423366693e-05,-1.578901765506054732e-06
7.648506157772245773e-06,5.893578951259320596e-07
-7.743154419511738949e-06,-6.577209965195111436e-06
-5.351502580880931171e-05,-1.121338684115158596e-05
-5.330081093773832797e-05,-1.070062561700614835e-05
-5.387212199840770235e-05,-1.079340220148162940e-05
-5.367042402848815676e-05,-1.026977553913351591e-05
-5.312274808890676359e-05,-1.013040308745143246e-05
-5.423229023243983214e-05,-1.036727982000797894e-05
-5.442898202481326190e-05,-1.088924891752109315e-05
-5.402966097714543366e-05,-9.828744183276347349e-06
-5.478519006433704263e-05,-1.046636520543314656e-05
8.318597498037168963e-06,-1.692248128301400669e-05
6.593526134921326836e-06,-1.556904154015885494e-05
-1.457765572900586149e-05,-2.377852753971273366e-06
8.198373616527586481e-06,-1.621735572696594076e-05
8.213187942197870364e-06,-1.599409488875074307e-05
-7.476189547711994696e-06,-1.948375713591051273e-06
-1.312830545274361618e-05,-2.203466249590583580e-06
8.035636247550288156e-06,-1.585009508936470905e-05
-1.197928509127113190e-05,-1.815648613295625173e-06
8.123399408534265381e-07,1.963613587473046600e-07
9.873054110693017948e-07,5.217585466852730548e-07
1.405753260944464836e-06,5.883256747337571190e-07
1.091275966590379734e-06,9.319884635004284476e-07
1.600621439274993615e-06,9.889186167260026852e-07
8.841632141429090578e-06,-5.860254004716403574e-06
7.772982968344915202e-06,-1.571400362254623168e-05
9.888821609780436693e-06,-1.992338068101941254e-06
1.314772434757668273e-06,1.369208629905602754e-06
1.851055549035103329e-06,1.429622385959558345e-06
6.515073254374512505e-06,-1.609961659338077046e-05
8.355675733827212437e-07,-4.610672424292525142e-07
1.285453129350119896e-05,3.085112058035066552e-06
7.710750971930986682e-06,-8.400687681313275543e-06
7.919173295564326947e-06,-8.693628826675275242e-06
8.262551208962896389e-06,-8.650284308287504412e-06
8.163272335824303203e-06,-9.003916211525688057e-06
-9.699952065566291878e-06,-4.113547897094743262e-06
-1.039940210643013829e-05,-1.484564496927716122e-06
8.421631028640788342e-06,-1.397821652193799365e-05
8.211212169516108860e-06,3.477107275554331448e-07
8.106238282894892162e-06,-1.763048271527627853e-05
7.625816088786604584e-06,-7.823058467291359758e-06
7.413652408242852819e-06,-9.741902088751989140e-08
7.181105984289354346e-06,1.771052825913944206e-07
7.050969753228925680e-06,-1.683812564979055603e-07
6.807251036617514836e-06,1.325155839861145823e-07
-1.120751703350023829e-05,-1.660632535704465654e-06
4.846391500917737292e-06,-1.373989566790371555e-05
-5.496816402495854561e-05,-1.098564189743999227e-05
-5.462371605648395901e-05,-1.140386380608876353e-05
-4.782144012560263837e-05,-7.787644157685510299e-06
1.094522977658808593e-05,-5.354920162563283946e-06
-1.066936269308791011e-05,-1.184183855087245255e-06
8.843970463464627694e-06,4.706916220276665799e-07
7.845554172085313256e-06,-1.660877633965411691e-05
7.988106816288145326e-06,-1.675523648316258585e-05
-5.516316155119160034e-05,-1.149587973851628384e-05
-5.481992911668920977e-05,-1.191614571692748621e-05
8.055045721577225112e-06,-6.515672097943301671e-06
-1.012399504865122075e-05,-1.778437728655197401e-06
-9.984578290300255286e-06,-1.391161843507702747e-06
-1.022468683609918906e-05,-4.252750855097641186e-06
-1.047679163979553341e-05,-3.746990881262980579e-06
1.065259561292980336e-05,-5.962698288480244209e-06
-1.239602855866513350e-05,-1.891554381809668660e-06
8.460531878784396926e-06,-6.015834752733754919e-06
9.214017698560113067e-06,5.723025857521881961e-07
1.117430954786509667e-05,4.170489387364927910e-06
1.029560204342131847e-05,3.925211154498953795e-06
6.039337023765386674e-06,-6.615287031081137361e-06
5.628189556716031234e-06,-6.204710005621065570e-06
5.809555071696175959e-06,-5.552696435286912178e-06
5.134588217894990966e-06,-5.696422402856848314e-06
5.344993178580129577e-06,-4.982135683679532255e-06
6.317609981341703229e-06,-1.567904174302242652e-05
6.339618222334769095e-06,-1.536923433889723320e-05
9.607090564597148873e-06,-3.236059043940752382e-07
-9.110096677645921007e-06,-1.070410074129248828e-06
-8.218771978297282919e-06,-1.303379760204607312e-06
4.558514723543904208e-06,-5.096367015991520164e-06
4.815004980554665466e-06,-4.358706269858206222e-06
3.925553565623686622e-06,-4.451418426708277926e-06
4.211800244635423464e-06,-3.707329589493485348e-06
5.608161410088577126e-06,-4.269369175386772011e-06
-6.173048983141038967e-06,-1.249099391282362717e-06
6.845771042869318752e-06,-1.547504381596391532e-05
9.467520926662148823e-06,2.746266682377203804e-07
6.013413764320775878e-06,-1.549787803370422968e-05
9.443877469359733009e-06,-6.556416245810599499e-06
8.457410411056783694e-06,-5.544014030060530727e-06
6.293697638824238964e-06,-3.174338081238169368e-06
-1.743970175431717263e-05,-2.609360229467107751e-06
8.946340100161682062e-06,-1.120502987515145365e-06
9.172457617029010612e-06,-1.479067202019483224e-06
9.601218931360382697e-06,-6.145040594508158052e-06
9.902457907945084995e-06,-6.475274726438391726e-06
8.384142171857565478e-06,-1.658432756489001332e-05
6.667433147826481349e-06,-2.469932264162598558e-07
6.326735111890271351e-06,6.723974490088331473e-08
6.917961138340408924e-06,-5.475838331264041740e-07
6.491598586544424055e-06,-7.013539101727934314e-06
8.693530539131029004e-06,-1.483098288121096670e-06
9.025640833563442747e-06,-1.938673215241195276e-06
8.546991297483646236e-06,-1.964374239834519761e-06
8.852237259826181833e-06,-2.406483102145153987e-06
-1.354855108875350843e-05,-1.693204321069314452e-06
3.496553984423871439e-06,-3.779612217253357662e-06
3.658642154087581329e-06,-3.026154416467348477e-06
2.781273493691633147e-06,-3.413385204368291951e-06
3.093547807649563729e-06,-2.463881443157459988e-06
2.237596032305727627e-06,-2.569995357725848741e-06
7.444981376814440887e-06,-1.622951366245853198e-05
3.133224615296575411e-06,-1.380920018455094379e-05
-1.609420101915957549e-05,-1.983041946699089557e-06
-3.545052394074143387e-06,-4.130384011574900746e-07
-3.183349492699739044e-06,-1.833259408869837631e-07
-3.116677661651450411e-06,1.601567197032714805e-07
-2.905691413628921181e-06,-5.612771244002139922e-08
-2.951157061405461328e-06,-3.358953902488919393e-07
-2.700805907416609745e-06,-2.067040808915398914e-07
-2.675234305515143052e-06,1.840140487490640624e-08
-2.522069361943538047e-06,-8.863470114780951236e-08
-2.494955932163828092e-06,7.873368026475937733e-08
-2.366638360972060253e-06,-1.487368007408072264e-08
-2.389433623114741243e-06,-1.636014317314322849e-07
-2.271866478591023125e-06,-1.113268603267543116e-07
-2.286479789031333336e-06,-2.326447535416366810e-07
-2.184541451256248770e-06,-1.767714231551661799e-07
-2.169842943366520038e-06,-7.203484970503642769e-08
-2.094957524993266335e-06,-1.336643340642595910e-07
-2.106606675108340223e-06,-2.276746030393234729e-07
-2.022860717547609609e-06,-1.854083040789908840e-07
-2.012794609996984728e-06,-9.819535720976026953e-08
-2.030387621595891448e-06,-2.746263569111771455e-07
-2.703877370008862854e-06,-4.237974142337951879e-07
-2.348177053111341956e-06,1.324704254925599564e-07
-2.457966834951830176e-06,2.378555296353885781e-07
-2.308348820392971673e-06,2.862459573344263528e-07
-2.431186523850133552e-06,4.054577167793615848e-07
-2.266735996150110293e-06,4.430099123394010656e-07
-2.152946194269689179e-06,3.125635975131182255e-07
-2.111211675008933132e-06,4.786585555174784459e-07
-2.011037110604405057e-06,3.718261223830644329e-07
-1.965762937611311733e-06,5.181042817787355478e-07
-1.870410469152902244e-06,4.110087258305666859e-07
-1.819903136999303932e-06,5.549363102947423456e-07
-1.714247436235009031e-06,4.468123525461297047e-07
-1.945784141625898939e-06,-1.469038579761950034e-07
-1.935447035715008226e-06,-6.500171906688579960e-08
-1.872742678024255317e-06,-1.108203461585874047e-07
-1.861799462898282956e-06,-3.147139832524108944e-08
-1.799853012854651936e-06,-7.645537879758890783e-08
-1.810123958217668538e-06,-1.548756698162202249e-07
-1.787913933314339115e-06,4.209885683706499147e-09
-1.724772050993949360e-06,-4.658570630285855925e-08
-1.711168157723855537e-06,4.221048536069682222e-08
-1.642169866779878571e-06,-1.314487126122136087e-08
-1.627897120699784575e-06,8.346300434724323356e-08
-1.551631709450083063e-06,2.966248080348817325e-08
-1.569198156489884923e-06,-7.289382415984931910e-08
-1.472164355926576584e-06,-2.835707947936851173e-08
-1.452259890239905387e-06,8.156206548090735996e-08
-1.363179107735919428e-06,1.387987849790812494e-08
-1.492529351956845435e-06,-1.331269484108227534e-07
-1.341054386946639664e-06,1.369903914450058848e-07
-1.226263861871071213e-06,4.963124505635128702e-08
-1.224688883323822087e-06,2.285538303519961235e-07
-1.064184827674805557e-06,1.253953173773477292e-07
-1.103656109834511515e-06,-6.382499356299089587e-08
-9.123523584952952278e-07,1.604948744582464474e-08
-1.030682643841078908e-06,3.019296738185420769e-07
-9.466699777342828186e-07,-1.930756437244224167e-07
-7.553579753769784935e-07,-9.156047729931541432e-08
-2.000137090730652944e-06,-1.411350408389310166e-08
-7.298712590538044042e-07,9.171483185279285742e-08
-1.851309513299027888e-06,5.003683533396272778e-08
-5.878825102022540971e-07,-2.455026888793294313e-08
-6.124517299384914160e-07,-1.790576830803478539e-07
-1.192870969222879867e-06,4.189591841645401656e-07
-1.668452216943445076e-06,5.985943810308794585e-07
-1.785379103154567411e-06,7.289497411347201000e-07
-4.719552462931304807e-07,-9.816045139798684271e-08
-4.420902452699683515e-07,2.784899590110586151e-08
-2.386796062212395279e-06,5.682674686268623689e-07
-4.721823594174976340e-07,-2.461139028128731586e-07
-6.280943674630083993e-07,-3.416820769318622775e-07
-3.410952268468483443e-07,-3.117128889302396513e-08
-2.614806421519078983e-06,3.390017059113527075e-07
-2.067703987257872699e-06,6.343022072368088863e-07
-1.589548859395688351e-06,-1.755892879643822487e-07
-1.512625720883055828e-06,-2.380422046484946519e-07
-1.610183610316638388e-06,-2.770200265601014000e-07
-1.533710892127228101e-06,-3.433157389926657350e-07
-1.651724763383697179e-06,-3.799714991935210005e-07
-1.556696702223183398e-06,-4.536484849610337308e-07
-1.663751444975087920e-06,-4.974470669298196665e-07
-1.575109502122590146e-06,-5.728065429244673839e-07
-1.696719968385100570e-06,-6.247936329090833166e-07
-1.585609498892597444e-06,-7.229244109447511419e-07
-1.454283929735847414e-06,-6.557117635702326678e-07
-1.728554594759878437e-06,-7.677709707999208923e-07
-1.847048027302341530e-06,-6.625964799856880618e-07
-1.870247850630293142e-06,-8.137697242341705352e-07
-1.986468586122063091e-06,-7.218433494563021901e-07
-2.016806353738056200e-06,-8.698848450095598294e-07
-2.128042219052128676e-06,-7.678176915612129994e-07
-1.864330253154549880e-06,-1.014736730627666067e-06
-1.618802206802528167e-06,-8.645973221288210848e-07
-1.748161165487207947e-06,-4.425553071158905018e-07
-1.430227193986291673e-06,-3.023359414374962620e-07
-2.172724732371058773e-06,-9.337321481575680272e-07
-2.298269271358182389e-06,-7.864524177490419133e-07
-3.049383201056364667e-07,6.810888054519000968e-08
-4.058318177914563116e-07,1.391046598033214491e-07
-2.088953498949179097e-06,-6.260675820876201162e-07
-2.115177092245804731e-06,-3.218730796123594071e-07
-1.703533962201155747e-06,1.368502918163017528e-07
-1.616922038473314424e-06,1.840695995583792143e-07
-5.005932345112710356e-07,-4.181012195124899723e-07
-6.486528227782609603e-07,-5.216143928920255579e-07
-1.600244365263350001e-06,7.713131598582977581e-07
-2.396647905279522230e-06,-2.979546127314810755e-07
-1.738942270203086957e-06,9.475961986285913168e-07
-2.037968943279478423e-06,-3.656941021775464089e-07
-1.956919244925189299e-06,-3.205812798595516807e-07
-1.963451397382687058e-06,-4.119155275593150445e-07
-9.736665979758363242e-07,5.126255192652177711e-07
-2.350082959160003542e-06,-9.995442098956315526e-07
-2.199926315046007607e-06,-1.131426448881420890e-06
-2.485094477576113179e-06,-8.697703748304902009e-07
-2.040107304503360323e-06,2.396989511422345290e-07
-2.941575656106647932e-07,1.719501633837025471e-07
-3.792845810205601234e-07,2.456391536932424352e-07
-2.073407179105465839e-07,1.181617125609143468e-07
-3.744383037000705553e-07,-3.450496468094089306e-07
-2.429635146200057123e-06,-6.790901745984630000e-07
-1.174984140317856988e-06,6.290380777219108143e-07
-2.113078018385418867e-06,-4.170487447402756035e-07
-1.555469841588525847e-06,4.935684529380418081e-07
-2.936462108319346610e-06,-5.903166471252507830e-07
-5.006356994799079340e-07,2.135948405601197830e-07
-4.702084357220881898e-07,3.391119608585345826e-07
-6.282539293135215585e-07,3.032227629539034632e-07
-5.810112212488650245e-07,4.540421448893779803e-07
-7.882558757327503729e-07,-4.379347795545001954e-07
-8.182129471506056498e-07,-6.433756309695853381e-07
-9.912872585328591997e-07,-5.182638014140407762e-07
-1.013806976202355575e-06,-7.749749308846155877e-07
-5.045590204747517016e-07,-6.057379834274604827e-07
-1.168814282579793699e-06,-2.601672594878586740e-07
-2.279923389687045796e-06,-3.663163657336812082e-07
-1.884753888371722269e-06,-3.636786321485345847e-07
-1.890224876344384062e-06,-4.529343519417189228e-07
-1.677399469611117230e-06,-2.209273649078145497e-07
-1.697423150687411236e-06,2.408788470891283769e-07
-1.779889853815798006e-06,1.775063549326091244e-07
-2.553826036283280441e-06,-1.086961122696723702e-06
-2.700415975914163744e-06,-9.079697999101301874e-07
-1.879774180777067099e-06,-2.761216826464093030e-07
-1.439447785895102015e-06,2.175114356234244657e-07
-8.199304603872499491e-07,-8.748015473755651693e-07
-1.026149801234687346e-06,-1.028344107603673160e-06
-2.397747215090480691e-06,-4.298822953317492375e-07
-2.289006328636206554e-06,-4.947441882958002040e-07
-2.813752000421602611e-06,2.214592197616580596e-07
-1.251661275092195558e-06,-8.993711277597324357e-07
-1.813426163106937285e-06,-3.146852163453053997e-07
-1.924828275509206510e-06,2.766377957693063613e-07
-1.967428347328668710e-06,1.657093514277359628e-07
-2.057393340054882197e-06,1.334191276676645316e-07
-2.666754200535386354e-07,2.654379655821443071e-07
-3.005652688036526794e-06,4.359043642211428660e-07
-1.248379699739355928e-06,-1.172027504916892829e-06
-9.577126750159467518e-07,7.363980559843828222e-07
-1.194054993472223868e-06,8.715509171988193686e-07
-1.505492130211032820e-06,9.797778698701921002e-07
-1.603215571177322966e-06,2.941776920746950677e-07
1.533360151810103984e-06,1.863673214477941170e-06
2.116295496542835184e-06,1.974188472192466414e-06
2.450077158918892675e-06,1.444517134378647656e-06
2.810570326179479894e-06,2.042587834306696078e-06
2.383642851593832400e-06,2.702600342143037968e-06
3.254838379825582411e-06,2.807438131141914806e-06
7.413726499800694679e-06,-1.642706947595393458e-05
7.560331513789647867e-06,-1.654314267898955479e-05
7.378361331760561014e-06,-1.662789020070003514e-05
6.198328964511541034e-06,8.380889808982746437e-07
-3.627102831032090763e-07,-1.450825821091428111e-07
-2.600273880101275305e-07,-8.546762488614092893e-08
-5.231782757785737046e-06,-6.852768636807830569e-06
6.321743104608955330e-06,-1.160591586767183073e-06
-5.418859150537335843e-05,-8.204189687846330455e-06
-5.472842074343187049e-05,-8.760445861508660476e-06
-5.358449078172474969e-05,-8.739907695691793432e-06
-5.284473844268837629e-05,-8.580777430678663702e-06
-5.549869884194538169e-05,-1.765762213638296220e-05
8.229389361436052758e-06,-1.577994223531027865e-05
8.059485526011528003e-06,-1.561968484486000802e-05
-8.774851356099548167e-06,-3.665451831964937565e-06
-8.841173968671502055e-06,-4.427660485945651825e-06
-8.355442829201173619e-06,-4.999926870243779934e-06
-5.421437187496816283e-05,-1.556480380284991165e-05
-5.509405234599433807e-05,-1.599673863339059012e-05
5.765201545526137349e-06,-1.320855454056346548e-07
8.027296135706351207e-06,-1.439878823975066887e-05
6.935489797235186393e-06,-1.652313514559232606e-05
6.716753513204250177e-06,-1.641351917423653728e-05
-2.760160402892683037e-07,-1.840262536933450137e-07
-1.897673798631690634e-07,-1.223876340005364825e-07
-1.677704089121130004e-07,-3.587976198788239091e-08
-2.019032673769285172e-07,-2.294226278689478859e-07
8.060550043479612609e-06,-1.761009516664393965e-05
-2.215652945128779190e-06,1.868286083192551541e-07
-6.604209274937853291e-06,-5.840319717771844441e-06
9.905567370514915227e-06,-6.029566234027831977e-07
8.608865604476317141e-06,-1.472049492098145551e-05
1.142996736707486897e-05,-5.995760022416434726e-06
7.758014392933052314e-06,-9.072511579844064658e-06
8.032816100162327877e-06,-9.411752787696439998e-06
7.600062279630794274e-06,-9.487855118175185330e-06
8.515805447483907191e-06,-9.382415487914199387e-06
8.323724598162031581e-06,-9.737018859285278180e-06
8.006267474892863643e-06,-1.753299575763812610e-05
7.408958743704547260e-06,9.730845124355206092e-07
7.908024678462215163e-06,9.363911514456294621e-07
-2.513445935815521014e-06,-3.659633858796807996e-07
8.516061422737270721e-06,-1.304592481229092417e-05
7.045916950319023556e-06,-1.440519482832531913e-06
-1.961145662133229384e-06,8.423811986648461737e-07
-1.925200813917822129e-06,1.063972610849743303e-06
-2.147113552073774645e-06,9.933713427954400694e-07
8.356948645094853866e-06,-1.508735291036440737e-05
8.107061607211964087e-06,-1.493915201092998058e-05
8.104587040634443642e-06,-1.521312663684239008e-05
9.049751939133020160e-06,-8.313023653691308486e-06
5.443868934832870397e-06,-3.154482785018686981e-06
8.697544432074197945e-06,-8.318042869200697887e-06
-1.976336319636026203e-06,-5.034010682323831491e-07
-9.481650756174332808e-06,-2.119293028360598753e-06
8.146069501280267991e-06,-1.752799423184953220e-05
8.149848323665382862e-06,-1.733208847928784368e-05
8.035481961807767543e-06,-1.758489478406106060e-05
8.883772381114244464e-06,9.002615518867079216e-07
2.786778342693634584e-06,-5.250410774361943178e-06
-1.253267335841170927e-05,-2.326077675110805956e-06
9.441692824678874854e-06,-5.268940282565800937e-06
5.913340885695328252e-06,-7.158294399940154314e-06
6.365464604956989692e-07,-1.031989417950516148e-07
4.692499479690822583e-07,-3.734164059328150974e-07
-5.429639585342815145e-05,-1.179514067697362171e-05
-5.448900651790817456e-05,-1.233292262335582384e-05
-5.501515825642888403e-05,-1.243220100516901049e-05
-5.465943131514734802e-05,-1.288719518483358920e-05
-5.529328746342027616e-05,-1.303531606464368849e-05
-5.482536490950234553e-05,-1.352332601677290497e-05
-4.939655098690569731e-05,-8.072002541566674965e-06
-4.828818621212842201e-05,-9.147126336423170759e-06
-2.244222110617490399e-06,-3.478661666154254375e-09
6.139166063617790098e-06,-1.619164421595648410e-05
-1.687162381414533619e-06,-2.981610021637656142e-07
7.744061521755208401e-06,-1.676716296029169491e-05
7.924856049217849515e-06,-1.689469399329887465e-05
7.947560161805734743e-06,-1.706207807156975105e-05
8.067016132535249947e-06,-1.697433157772938508e-05
8.060810973362571465e-06,-1.681838089751598562e-05
8.084148889122240431e-06,-1.711926937735905210e-05
8.188411404639795005e-06,-1.688948155577607016e-05
8.189999375752480670e-06,-1.673652817749002615e-05
8.057359822135214705e-06,-1.665496034386394780e-05
8.198713273749505713e-06,-1.657132578065192397e-05
8.056725453256419092e-06,-1.648234073129953476e-05
8.218313173909250037e-06,-1.638477177232470575e-05
8.344681346041740732e-06,-1.647634425797902613e-05
8.049832561648282011e-06,-1.628415660972203918e-05
8.239815767720679764e-06,-1.616960178967562797e-05
8.308050377350270155e-06,-1.679798683995888296e-05
8.300959080155778276e-06,-1.694631626496243736e-05
7.987312358271589146e-06,-1.719757939849851056e-05
8.101903445273310418e-06,-1.724697514399958987e-05
8.197209611645655394e-06,-1.716504020850369760e-05
8.200885321207452051e-06,-1.728557072360961547e-05
8.114249239868499047e-06,-1.736228045611108755e-05
8.015422420761810383e-06,-1.604382396803242033e-05
8.247840917140658424e-06,-1.592570960501035567e-05
8.006315073073848405e-06,-1.574395861267219069e-05
7.686339918333346175e-06,-1.551185825592605981e-05
8.019236753667860956e-06,-1.543840119779097913e-05
-5.536499433911569120e-05,-1.060436027315445291e-05
-5.516356678521720970e-05,-1.005216686780586827e-05
5.947973571164613660e-07,5.000307706823681529e-07
-1.183450226308723444e-06,-6.500138399515061346e-07
8.085697846235616147e-06,-1.762969423501890864e-05
7.833924747268290653e-06,-1.618119503726731838e-05
-2.379772426009657122e-07,1.218033598512587905e-09
-1.520468529790357834e-07,2.598027393541698332e-08
-4.484258279242193522e-05,-8.368241294579582994e-06
5.238119745571509042e-06,-1.552378147276270833e-05
5.295839157845367501e-06,-1.492219499650321814e-05
8.420753857190895527e-06,-1.614555001977144300e-05
7.549102404281500494e-06,-1.093495987797002505e-05
8.093690375530884285e-06,-1.052569088752539712e-05
8.257408277888763910e-06,-1.127269773468544460e-05
3.975375141862924572e-06,-1.467513830452041994e-05
-1.196903682792582391e-05,-9.977952277780905518e-07
-1.151854740348175764e-05,-1.337259249531822951e-06
7.252000130143515786e-06,5.864505637902728902e-07
-2.526254172081216959e-06,-5.410882920647966255e-07
-2.716797054974882918e-06,-6.670442353695998415e-07
-7.946867606428658499e-07,4.008251315196407268e-07
-7.088930346741184085e-07,5.969281705043372518e-07
-2.151365491632988280e-06,2.415884001266822485e-08
6.109089082447107696e-06,-1.504869947285383992e-05
-1.671173070733433886e-06,-1.198835413006691868e-07
4.391803240510894625e-06,-6.658797884868388385e-06
-1.942510146633894677e-05,-3.175714567066168463e-06
1.308702594122923358e-05,5.088930265157114960e-06
-1.164451607546547937e-05,-4.339511191005123025e-06
-1.160052388065716157e-05,-3.775185861835478292e-06
-1.118739304938104996e-05,-4.050303160222495676e-06
-1.195511945416129429e-05,-3.449798876848568764e-06
-9.584907702022266491e-06,-6.692803046038535064e-07
-7.457588585624726146e-07,8.538796807688308132e-07
-5.296907035137520940e-07,7.420998100549260700e-07
-5.546003175731391548e-05,-8.867558736104941291e-06
1.333841066758146853e-05,1.894244172890085031e-06
1.253568894951848214e-05,1.139038441753526251e-06
4.564053008142966306e-06,-2.894933421598433877e-06
7.861763327091786510e-06,-1.512676287681607915e-05
7.909494544219025720e-06,-1.532238404427185117e-05
-1.252737966699434494e-05,-3.698375018321722000e-06
-1.239503904234125674e-05,-3.131985903235597599e-06
-8.869376576719801712e-06,-5.910704293399926834e-06
-1.989222445679174307e-07,1.950385391850864653e-07
-1.316462255228686824e-07,1.376417416001845668e-07
1.866742384131676848e-06,-1.279624131227128975e-05
-1.051223172904150390e-05,-4.919791690585748720e-06
-1.630154667008072182e-07,2.781051519073987417e-07
5.508442563854067540e-06,-1.429024452902683067e-05
-1.115783897186985979e-05,-3.563948826900329283e-06
9.628514924858994474e-06,-1.473055639092786788e-06
7.709241535038296292e-06,-1.412515821019135460e-05
8.650104651564641080e-06,-3.301984568446763960e-06
-3.314387695054026644e-06,4.485510505797885734e-07
-3.968629466325189028e-06,-8.032091872481831186e-06
8.444981661895884623e-06,-1.607192345006427917e-05
9.018560636681180795e-06,-9.437926522688870883e-06
-5.594097821001287296e-05,-1.283186280835259578e-05
-6.786056564396990481e-06,-1.612953436588659017e-06
-9.756806845503148494e-08,-5.460417238165705732e-08
1.008577388385123199e-05,-2.652136105655510734e-06
1.084562356493939798e-05,-2.862565510913859143e-06
8.647164059518198817e-06,-1.527765523049391241e-05
6.983257665442734564e-06,-1.521671380325394442e-05
-5.327319053108191717e-06,-9.670413338954706592e-07
-1.027102792617607134e-05,-3.268619787017923029e-06
-1.076192999088638269e-05,-3.353546204923830093e-06
8.608517825380976367e-06,-1.643284126630459898e-05
-5.029318587018586831e-05,-8.996381885833294281e-06
-5.139999148194422820e-05,-9.014416265881765176e-06
-5.096141461412402802e-05,-9.844588282419552570e-06
8.421050088801558222e-06,-1.685016247954069924e-05
8.401910711388508996e-06,-1.698653270197165167e-05
7.173060884539325327e-06,-8.572539623741052113e-06
7.187051368487539417e-06,-8.113382272418343821e-06
6.810188628966239570e-06,-7.907752088612427443e-06
7.134489236355351885e-06,-7.717630146868681735e-06
6.759966346757505980e-06,-7.450581124594008963e-06
-1.785621468264540091e-06,2.970911284899979036e-07
-6.558586413116741395e-06,-6.362680234605140200e-07
-1.283622876502067615e-06,-1.147249931973260438e-07
2.991417887680546127e-06,5.640765784962766901e-07
3.207803400280532299e-06,1.301945579547081678e-06
8.233423603183601152e-06,-1.749749393888104006e-05
8.146458516189429311e-06,-1.753803892282906484e-05
1.991325193854234962e-06,-1.126425096812207513e-06
1.596265945508611409e-06,-1.534741194569964904e-06
1.128896627025162223e-06,-1.337002921306180152e-06
1.106827459901639798e-06,-1.896309955024051038e-06
-1.293225366336287483e-05,-1.620177023366177154e-06
1.180796906859890766e-05,-5.185778220620170155e-06
1.257056721085674062e-05,-4.899088920245195567e-06
-2.199519627964529561e-06,-6.643597456657248329e-07
-1.953050416592451380e-06,-2.321250533951312111e-07
6.928523140021426870e-06,-6.776546408963610133e-06
-3.700653406612776305e-07,-4.977097392813299041e-07
-2.609025128265690220e-07,-4.142501829053877126e-07
-3.478029855993255795e-07,-6.890024873394069598e-07
-5.583664243560001008e-05,-1.153102029916391385e-05
2.130620971210767981e-06,-1.761039898743077069e-06
8.188881539498206688e-06,-1.703397808312290374e-05
6.441225847300200868e-06,-1.477232422620423447e-05
-4.086346750600155053e-07,4.888469438356973319e-07
2.024904752221462865e-06,-3.347969293427191178e-06
-5.229133446622779652e-05,-1.095085732372795868e-05
-5.212659834693487418e-05,-1.025977205528375304e-05
8.376367749907461731e-06,-1.725824337586341086e-05
-4.636014133053739665e-06,-6.822065865027159295e-07
2.697484196090477795e-06,3.567213335723344649e-06
3.682755184650344886e-06,3.696321318304369131e-06
4.208645298089095610e-06,2.870539891252057367e-06
4.808451384896567896e-06,3.769758418287797689e-06
-5.583366964156619567e-05,-1.014055852182211211e-05
1.061629534258703591e-05,-7.479663846733204502e-06
8.581714708927438317e-06,-1.660127430783152786e-05
8.437953955720690660e-06,-1.670535324829191550e-05
-4.281403570701113975e-05,-7.682620399823523468e-06
-1.488718285057473070e-06,-1.045323468268588192e-06
-1.494694846178903737e-06,-1.302873394861186123e-06
-1.703914424714544629e-06,-1.187743502585219422e-06
-1.768619603742431320e-06,-1.479460488347720800e-06
-1.980474960104114899e-06,-1.240963097551280092e-06
7.207073495981847651e-06,-1.559113785870030271e-05
7.839538785651641557e-06,-1.714897886322693085e-05
-1.788207958912596845e-06,-5.457046216634692114e-07
-5.312244666299450465e-05,-9.400665014717711327e-06
-5.228023273739673172e-05,-9.115379193097084606e-06
7.748864335832772671e-06,-1.454882621119509016e-05
7.932398373440676924e-06,-1.470738424034431339e-05
8.422904504389246047e-06,-1.210283214943273561e-05
8.617170534143725715e-06,-7.677695707917793212e-06
6.082164734299099354e-06,-4.877880459182261875e-06
-9.469151404737497204e-08,2.353684781896596391e-09
-3.213619525975412672e-06,-5.264297034449330839e-07
8.187782113164576386e-06,6.820730848901430955e-07
-2.780209734365727253e-06,-1.209078890190764811e-06
-5.369749473810057563e-05,-1.371812106807409567e-05
-5.432569849713506338e-05,-1.399891381652105661e-05
-5.198890752614032115e-05,-8.257624667376621498e-06
6.018602054469288546e-07,-7.627012307628923293e-07
1.000960657220239934e-06,-8.782552138157350569e-07
-8.121399869868537550e-06,-6.475544381612860351e-07
7.280519028710191382e-06,-1.043944186478288225e-06
3.286835988757132809e-06,-1.277409612257027671e-06
8.235197703503828091e-06,-1.636314980349219434e-06
-1.673403722691062007e-05,-3.725433884967745342e-06
-1.276512901600182640e-05,-2.781748185055744262e-06
-4.015347418075107441e-06,-5.173595308832925856e-07
-4.685805906682198775e-05,-9.047684712935662475e-06
-5.408279924603848747e-05,-1.128022995320299794e-05
7.681340535080621252e-06,-1.501170742935581688e-05
3.918733660896868111e-06,-2.272660456432935887e-06
4.528702701106458275e-07,2.013924691130819574e-07
3.777200306410786911e-06,6.761516435500997314e-07
-5.361504977074443173e-05,-1.251798092794340941e-05
5.905066344315587855e-06,2.660792996343000070e-06
6.377199802336065860e-06,3.294682557310441092e-06
7.104942313687329132e-06,3.126125603316596603e-06
6.925609846197061108e-06,3.943335300339392281e-06
7.824936154322533946e-06,3.669700814441470164e-06
7.543916225798488412e-06,4.683714182418861743e-06
8.522009061164632332e-06,4.513861202229106921e-06
8.836329070147146771e-06,3.521983734267949538e-06
5.862700879741361471e-06,4.112785665775599080e-06
8.179520980284804319e-06,2.960510485891373101e-06
1.190974488239999738e-05,-4.233880022750910780e-06
1.294589689689240318e-05,-3.817910515384184110e-06
1.188625332519174540e-05,-3.122509546444488871e-06
1.315854472110595473e-05,-2.640561417423662885e-06
-9.823005202475752821e-06,-4.706633346440232259e-06
7.972601533962949476e-06,-1.725806207015121723e-05
7.159113750573320072e-06,-1.660752127686253144e-05
7.477446110599889435e-06,-1.603018742216808412e-05
8.486307615613347308e-06,-8.001814298877410272e-06
-5.431340800249319335e-05,-1.476594172355643394e-05
-5.503712901260595898e-05,-1.428754638418180939e-05
1.012221371193299972e-05,-7.728978851330544942e-06
1.017714588481227955e-05,-7.203956796493348788e-06
1.059047818678464213e-05,-6.905651027043377536e-06
8.407332034929337349e-06,-8.515234863756634371e-07
6.552127281749804244e-06,5.088945678838382190e-07
8.410004681043366698e-06,-1.627779453723358311e-05
-5.504261376921996678e-07,-1.166371380953405791e-06
-2.082250460838991033e-06,-4.220085064418888550e-08
7.651843981342536241e-06,-1.560183663088455096e-05
-1.877787127205929422e-06,-1.929417135518706842e-07
-2.138234616490955202e-05,-3.639828782528697509e-06
7.925382894330195845e-06,-1.673240262692725976e-05
8.414763740684137142e-06,4.436982008465237527e-08
9.407331638367673614e-06,-2.414610217789308750e-06
-1.812865051132827261e-06,-2.304984923727994115e-07
-6.524730880051606935e-06,-7.356822399981779858e-06
7.018680620637491216e-06,-1.565975268892732985e-05
9.656041026960339614e-06,3.060082592128123575e-06
-5.421293934303275550e-05,-1.333201969975649698e-05
-1.249779984844110637e-07,-4.905917222557875924e-07
-1.130931989073203829e-05,-2.041091177388608025e-06
7.390022701240035214e-07,-2.379363057793182157e-06
7.113677193443185564e-07,2.124948979188996855e-06
1.433947239792755129e-05,2.797748129266510775e-06
-1.087269816187758087e-05,-7.371463591151447396e-07
8.295626187270768536e-06,-1.707899858349419198e-05
8.305410563442224486e-06,-1.719048605670644265e-05
7.652791178081832485e-06,-1.533438709555536348e-05
7.732297360113918539e-06,-7.509626230595856896e-06
-1.091925994405405274e-05,-2.984087578365069914e-06
4.166233163597088920e-07,1.235838781244451650e-06
7.112364885488418541e-07,1.016428517537241999e-06
4.175585467167754344e-07,-1.459320656927853990e-06
7.116724801518778936e-07,-1.182529528724167718e-06
-1.956213069419013786e-07,5.223737446706946776e-07
-1.378112604910929903e-06,5.180680951889251446e-07
-1.384317630170848481e-06,7.282455909975696180e-07
-1.018309529882270791e-06,-1.552220444034749085e-06
-1.073724541634371822e-05,-4.257644239052312515e-06
6.445982838465920205e-06,-4.094214129297588530e-06
-6.476252852197954467e-08,-2.460419309690930003e-07
-7.388865428215895199e-06,-4.756221703390552432e-06
1.681227388417224000e-06,3.270689884265909500e-06
-2.195237236787771704e-06,-2.829414598998746903e-07
7.213545150431914951e-06,-1.536045726908261667e-05
1.185068492182115157e-05,-6.710921933942387079e-06
-5.538414882922063228e-05,-1.200895250020157837e-05
8.504780133101467042e-06,6.153778165960650928e-07
-1.025756301249489671e-05,-2.129682118816538758e-06
8.855371188742749684e-06,-8.710180872325615684e-06
8.201487165490366942e-06,-1.738662902700360334e-05
-5.580829217159437772e-05,-1.427661636261971099e-05
7.624535122422399813e-06,-3.667372100453840826e-07
-5.769160289505093093e-08,9.057901752482736016e-08
-6.836093541776766262e-08,1.594473197190727957e-07
6.339735847631007530e-07,-1.159777247325943829e-05
8.284843979081809239e-06,-6.783318994237280186e-06
-2.548243299840183478e-06,-9.297912651873268731e-06
-1.424051721024382164e-05,-1.725683207159281599e-06
-1.885112144995435838e-06,-5.469751438762204869e-07
2.837873003694896699e-07,4.646467298504547101e-07
-1.923915673760591447e-06,1.791933087324012265e-08
-1.987172473852890388e-06,7.413934872774861075e-08
6.625862292399383198e-06,-1.527414478095731349e-05
-1.507518560891482140e-05,-1.724316892258590715e-06
8.171497448271344976e-06,-1.667424224048139368e-05
-5.001209008141358717e-07,-8.002808242291681401e-07
3.988572764289306758e-06,-1.319007735886761369e-05
-1.058373332264614294e-06,1.290079058683997521e-06
-1.225665477020247808e-05,-1.454590783105490898e-06
-5.458263862642714513e-05,-9.910565526030423855e-06
-5.494684757057010320e-05,-9.414425537198103019e-06
-1.164318157471229038e-05,-3.121632239623728014e-06
9.771107736730961094e-06,-7.466606254585166609e-06
7.893665253995615623e-06,-1.599850663598990352e-05
-8.071907105659656133e-06,-2.227690560991466813e-06
-2.743711636371257136e-07,4.330472102200739503e-07
-1.107612080126440313e-05,-1.223058793177284747e-06
8.016065231597369964e-06,-1.731821341164988275e-05
8.026451861931498978e-06,-1.745141080709201428e-05
-2.305015902402768336e-07,-8.012425476671593811e-07
7.237460550099926165e-06,-7.018220739009670517e-06
6.846055498218834894e-06,-1.015487952613799651e-06
-5.437080704238880541e-05,-9.317227010265571787e-06
8.459877291175204518e-06,-1.573025820237495414e-05
2.686579494991663059e-07,-6.402113448452356409e-07
8.735090981196575827e-06,-7.746878664980081495e-07
7.314302132006975430e-06,-1.611409018881255616e-05
-1.225885267186848279e-05,-2.643878748917903551e-06
4.067585128499945181e-06,5.597737533718070792e-06
2.102625522247765221e-06,9.714084091089765461e-07
9.349370152160990413e-06,-6.615965592484013387e-08
1.696230451581852750e-06,2.655563732435813462e-07
-5.410870209816602756e-05,-1.273037825728667186e-05
-4.042261822008334836e-05,-7.187022990881949906e-06
-1.444000480303163030e-05,-3.608293375895185539e-06
-8.253029829625987107e-07,2.029338696266813598e-07
7.278959724101605106e-06,-1.680236907646477662e-05
7.546770354291599701e-06,-8.718649312118663381e-06
8.531421409572336153e-06,-8.922735136455338346e-06
-1.777481429786165372e-06,8.425840301490963797e-08
-1.175281981960563909e-06,-4.467458351060792623e-07
6.729646947402002745e-06,-1.621583439797049644e-05
-1.752063540368538116e-06,-1.173282393648102581e-07
6.504796441291514933e-06,-6.625887098512777814e-07
9.213931448165962274e-06,-6.913625025929443967e-06
1.149472191553228081e-05,1.397348946979960200e-06
-8.888474676896523962e-06,-5.613608545687491858e-07
6.426677221569640752e-06,-1.637899153504485347e-05
6.440582063015380905e-06,-5.416394315729692791e-06
-9.587438454108911752e-07,-1.046889899066075662e-05
7.880579108008023528e-06,-1.582168996070123281e-05
-1.629096397468162048e-06,-1.779633717639786741e-06
-1.937753749233386103e-06,-1.760717226447608157e-06
-3.569546311829402895e-05,-6.233891017029882120e-06
-3.323716510418679921e-05,-5.792928639737059555e-06
7.772954520548975747e-06,-1.555196059488172521e-05
-3.080813794787405115e-05,-5.356312649320208423e-06
-2.841093447339724677e-05,-4.924852047218328107e-06
-1.325368721217486618e-05,-1.101503288141100256e-06
-2.604964845508423628e-05,-4.499265944540284603e-06
-2.371772328207862870e-05,-4.079806180522945716e-06
-3.113255693968869756e-06,-8.124352495295734809e-07
-3.793450949209797212e-05,-6.732259473447494872e-06
7.706322698379232091e-06,-1.275278814621326012e-05
-1.325978248397899196e-06,-5.661814949231654048e-07
-2.189149029258871702e-06,-5.554489960646079393e-07
7.910980221032393376e-06,-1.657808028589449230e-05
4.098102108271165964e-06,-1.431379652642529605e-06
-1.350490681633919670e-06,3.442127413219393033e-07
-1.026988721775258986e-05,-1.101316815801151983e-06
8.109845687828195015e-06,-2.099785187796914374e-06
7.852356901397972315e-06,-6.185156707983731635e-06
7.717192703292211005e-06,-1.647131721333864359e-05
-2.036400806127185659e-06,-4.455156862717735417e-07
8.656420002812400483e-06,-1.595721464732745591e-05
-5.446306190895064440e-07,9.610073328599232110e-07
6.417843674613510643e-06,6.771213114742395151e-06
8.247296885527364654e-06,-1.554581675438124433e-05
4.763395923745029565e-06,-1.447982141565425854e-05
1.420820019926737289e-05,-4.047794052242407746e-06
1.386785743274210292e-05,-1.516651979664698938e-06
8.077946807337390428e-06,-1.542249175753750826e-05
-9.185958237256432269e-06,-4.998038369498397574e-06
8.366238855770985125e-06,-8.332796844694407838e-06
-1.689667199697142016e-06,1.545580490395255250e-06
9.412784884662359137e-06,9.385656486140880957e-07
-9.696603505475369239e-06,-1.722308556205098147e-06
7.780684886095765032e-06,-1.682447072486085115e-05
8.519098497575600649e-06,-1.689539599987694639e-05
-2.547307253407086257e-06,-1.657029514026409315e-06
-2.341389994443598839e-06,-1.464692669704793367e-06
1.334575301955247737e-06,-3.586513888282583182e-06
8.323009712257931116e-06,-1.664430379622546560e-05
8.810688991384607767e-06,2.711285628998471582e-06
-5.272580445831115073e-05,-1.053801928392405144e-05
-1.982263296934471638e-06,1.504564464781060318e-06
-1.701611258777168941e-06,1.232858711523143773e-06
7.644051297070103882e-06,-1.630147881468604261e-05
7.239090523304711948e-06,2.435550031537561547e-06
6.876061084740646435e-06,-2.876525119510585603e-06
-1.536976863066509125e-06,1.374482855376678506e-07
1.272942218456955220e-05,-1.619091964236852387e-06
1.319845734365176293e-05,-6.246119989597329318e-07
1.428775344359001140e-05,-4.761053460635648448e-07
1.368510130199238043e-05,5.812005536199815676e-07
1.516248234933671626e-05,-1.438913744820440971e-06
-1.159852843286459089e-05,-1.740333053002172247e-06
6.622597982618223522e-06,5.354685772219395307e-06
-1.413433722450165586e-07,7.684912158728532195e-08
6.319633186696218222e-06,-1.592949282161582834e-05
8.308951472295885256e-06,2.297919593250841057e-06
8.387624799892702237e-06,-1.441753658175488006e-05
-1.415942233928824420e-06,-1.981932128191170257e-07
-1.327285568076262121e-06,-2.528105669162650665e-07
-1.334876950515836447e-06,-3.939358460036183776e-07
-5.547166820463851692e-05,-1.109549800825363838e-05
-2.070326247169367125e-06,4.804482140390806152e-08
9.773045113043894863e-06,-1.042082875667722185e-06
1.179445188803060020e-05,5.434895240673180216e-06
9.162165427277443286e-06,6.634628817147366583e-06
9.383941661033226868e-06,5.369821243671821542e-06
-9.554087071207191816e-06,-1.203731225172608893e-06
8.167169454146283299e-06,-1.643432846153975157e-05
-3.055833673788293009e-06,-1.325618220080204792e-06
1.692616523285225651e-06,2.467704299123634337e-06
-2.881832575124099672e-08,-2.292432985395878791e-08
1.053544572802000250e-05,4.983183442983887918e-06
4.401117789344353766e-06,-5.840598455488883319e-06
5.628253681991660410e-06,-7.579326136667876532e-06
1.234123917961395111e-06,-2.439309170412637715e-06
-1.458432657956620873e-06,-5.229026168017467184e-07
1.019557214848580180e-05,-9.612334901238802025e-07
-1.401826559508062179e-06,-9.115660365067153548e-08
7.159907001444910125e-06,-7.350482352250039582e-06
9.282442177901582139e-06,-5.739998111600374118e-06
-2.630382106094987058e-06,1.312849992388009942e-06
-1.279903979108918220e-06,1.131177860786400649e-06
7.521469382938436279e-06,-8.117955097215437843e-06
-3.413526514868127722e-06,-8.344098808708362209e-07
-2.886025446358671615e-06,1.113844221167808277e-06
-2.605971488886896468e-06,9.825396989164457342e-07
-2.815288570309540362e-06,7.204215615885001610e-07
-2.564347895742664880e-06,7.453173239141391688e-07
5.891696264407628527e-06,3.992661408739890577e-07
7.988596378105818386e-06,-9.920295918222343112e-06
1.039842576016731706e-06,1.749381840505940313e-06
7.277510193627992994e-06,-4.341104911784398204e-07
-1.907507790130161901e-06,1.022821717113117205e-07
-1.878184085647284839e-06,1.825061257884475528e-07
5.022631127886268290e-06,-6.460774995810364120e-06
-1.493648309450466512e-06,3.555049661276365776e-07
8.750689833966731189e-06,2.172804579883333353e-06
3.682615585326463653e-06,2.101345452788667956e-06
7.902644759284702802e-06,-1.565733682411234596e-05
9.437014689853389770e-06,-1.822478933322617319e-06
8.775952647351371487e-06,-1.082571006056311770e-05
-3.612893432453617149e-08,-1.049240485629647578e-11
7.555234309205258044e-06,-1.673906788535207415e-05
-5.321736854409653591e-07,1.001421449219583887e-07
5.553463554933589544e-06,-6.714289547907089823e-06
7.050882135180095940e-06,-1.545266435052171209e-05
-1.462780819882665485e-06,-4.031523942642166373e-07
-1.979606217337662132e-06,-6.016804650911878261e-07
5.109563933433163009e-06,2.768698067462013842e-06
8.479294161793403652e-06,-1.702276854318512733e-05
1.251120914694164705e-05,5.129234754997887820e-08
-4.627944641748276853e-05,-7.477976783200180541e-06
7.914503972924172873e-06,-1.549564796357786700e-05
-2.214894076639012950e-06,6.139556190258644849e-07
-2.334942448011304616e-06,7.961302376635300177e-07
7.751615808532853383e-06,-1.430353932375274628e-05
8.124042814142326248e-06,-1.747287588752133048e-05
1.086649582309142180e-05,1.147610846262856124e-06
4.987523912790366892e-06,4.905279737290263732e-06
-1.306213081115808092e-07,-1.601352463164633576e-07
-7.887341314560020498e-06,-1.641697661956444169e-06
-7.419226230090483143e-06,-1.316488519803151326e-06
-1.817935138152791804e-06,-4.012343761094309316e-07
8.106960009206742678e-06,-1.760464985499808071e-05
-2.878651525108855471e-06,-7.982824754060377405e-07
4.622355465069831633e-06,2.101277704921551639e-06
-2.591402208942112230e-06,5.429120095635017616e-07
-2.771726956273607339e-06,4.522677114353008932e-07
-5.897319456057565750e-06,-6.402357430369074330e-07
-2.505610330631647484e-06,-2.337173456188240684e-07
-7.680990380909836273e-06,-5.631745761578394850e-06
8.129084624720514960e-06,-1.689897845833038002e-05
7.164348013513294083e-06,-9.596759640082949393e-06
5.691356689475360141e-06,-1.524120319655994555e-05
1.135537205336714463e-05,-2.267048053254531488e-06
-1.748371429752608759e-06,-8.962538151270634822e-07
1.672117521381165012e-06,-2.139781457167069419e-06
8.402529981167398100e-06,-6.432012395939465167e-06
8.090621365311756813e-06,-5.851848176736129952e-06
1.005554312839058242e-05,-6.013879869680397701e-06
-5.551624805643737851e-05,-1.250130229063562592e-05
7.878055725717149994e-06,-1.349413731849215850e-05
2.088800340970489514e-07,-2.856029274451157540e-07
-1.919889409307619968e-06,6.557120698045757129e-07
-1.679325670528669797e-06,3.341907425460747776e-07
-5.588684119955682255e-05,-7.992281479091421068e-06
-5.177186737829108184e-05,-9.697967001307475699e-06
8.168545243906477423e-06,5.541199220993392317e-06
8.669982150025035164e-07,1.361094447658321900e-06
-1.437306601372538539e-06,-8.502702960234420253e-07
-6.531189662825240502e-07,-7.357359464584678660e-07
-2.568336443140670463e-07,-5.486303930609814549e-07
1.002077763976197701e-05,-1.882422300742416036e-07
-7.704519859194258566e-07,-2.616317171398928668e-07
9.742851065105195748e-06,2.248246670042716317e-06
-5.072185342050413082e-05,-1.061754938395523090e-05
-2.611018054744444259e-06,1.792511590195360101e-07
-8.608250463854869489e-06,-1.006417884580196481e-06
-2.580413742776907068e-06,-1.345593165672490758e-06
-1.010919527017652941e-06,-1.277762951142593589e-06
7.129762296644608521e-06,-4.348774049540036834e-06
1.132659997763351661e-05,1.373660893924988873e-07
1.181978347077483384e-05,5.364218448150704772e-07
3.626904059470977806e-06,-5.174124625182234064e-06
-1.744208706306478110e-06,-1.831549295781442788e-07
-2.179244079218067518e-06,-3.689533928866500027e-07
8.517035737620446849e-06,3.197766003873080090e-07
6.758247072076775506e-06,-1.663832121897121740e-05
7.289477478810775788e-06,-1.631976439174956075e-05
-5.400736290994888426e-05,-1.220135426828449496e-05
2.064254730175416901e-06,4.130895296808499302e-06
-2.954010224085675515e-06,-1.021138088199916871e-06
-3.450985177636976176e-07,3.440951333248246328e-07
-2.140528302824011490e-06,7.979693276779025287e-07
2.059636830484806376e-07,1.880970923718756902e-07
7.771565299259728109e-06,-1.540724083880017314e-05
-5.354130641817176169e-05,-9.786317750729901866e-06
5.613395800102747131e-06,3.350881261840094974e-06
9.701392669705947294e-06,-5.714766902141293048e-06
6.254903533455419159e-06,-3.354745874735592748e-07
8.460896720149361263e-06,-1.654815740353279894e-05
-2.075336116377835556e-06,-1.503835405550090836e-06
7.841596997926861176e-07,-1.553699072115244621e-06
8.338552670260302254e-06,-1.557886679321840762e-05
7.866835082294187036e-06,-1.639849316201468857e-05
-2.046918490066394879e-06,-1.038154144162713295e-06
-2.218180289456887207e-06,8.649617499900163464e-08
-1.537481405326895562e-05,-2.522388603325886223e-06
1.027443758304321552e-05,-3.298526537331202027e-06
-1.514920646627385263e-06,6.305029589336362140e-07
2.771138675664321411e-06,-1.866208145746896316e-06
1.220477035795601005e-05,-8.667554170409712602e-07
6.932201391169032154e-06,4.572037334156287770e-07
9.577763127739340104e-06,5.717865586696858687e-07
9.733726503095761922e-06,-6.947635676643411744e-06
-5.381369673411570860e-05,-9.323803001961896304e-06
-1.817666353709460357e-05,-3.843466148432512964e-06
8.279722421623475140e-06,-1.732003218103827057e-05
-5.252460901960589199e-05,-9.856925721214473867e-06
-2.366028897171697377e-06,-1.226515199270170054e-06
4.993145399168195901e-06,-3.665267332942397376e-06
-2.788033875933730356e-07,-2.882393398924585599e-07
8.368136794180802397e-06,-1.635063267935565331e-05
7.967712279077787414e-06,-1.697164584187293946e-05
8.119585821636648033e-06,-1.711438007736108976e-05
-2.369035349992388784e-06,1.134745690044592317e-06
9.017161848874353491e-06,-2.838764656128858214e-06
7.857681227924283139e-06,-1.491660948971874944e-05
-5.484791468719662268e-05,-1.523641620420848048e-05
-1.038287868826688391e-06,-3.433060577666548265e-07
8.294148380680943847e-06,-1.533847870405349650e-05
-2.092156380102464529e-06,1.255008898549068924e-06
-6.166791511501997248e-07,-9.390913799532509845e-07
-8.965197247311793425e-08,3.116426780975760019e-07
3.060973785737265615e-06,-4.421028266071797417e-06
8.622962494752533681e-06,-1.089782277141515816e-06
6.887039391319920680e-06,-5.554874994332384716e-06
7.427295855671586928e-06,-7.587593016857814901e-06
-9.902881252058586570e-06,-2.023747014967348334e-06
5.149289474671096282e-06,-2.502953883352368359e-06
-9.236184293758130341e-06,-4.056950330568490716e-06
-1.793067782973704451e-07,-3.388419715962579757e-07
-6.231424407077973706e-07,1.770987578484322276e-07
-7.939017321250713677e-07,-1.111937487092362834e-06
6.476605103997807718e-06,-7.702154759798816050e-06
-1.748289186268270798e-06,-2.674731826809743092e-07
4.111178976469718404e-06,4.525182189028326448e-06
-1.838840800156673842e-06,1.193165379121296762e-07
1.859356312464918872e-06,6.515471750361056831e-07
1.100765122028037146e-05,-6.521364915255058388e-06
-1.389628977992848758e-05,-1.207868213889679473e-06
1.599217572389823068e-06,-2.850283673524373970e-06
1.185841204680024000e-06,2.188027494806647741e-06
-3.799129744017807151e-07,8.201942591977361676e-07
9.222978564050336836e-06,-8.601459748545627954e-06
-9.889872953295146508e-06,-9.891068528699308517e-07
-2.397093937146918097e-06,-5.518412544847275143e-07
6.455984080147002946e-06,-1.509255967457538034e-05
1.364049579909505383e-05,-5.312705038036877946e-06
6.047525998616599947e-06,-1.583873574657951574e-05
8.471844758266272303e-06,-1.583225496032280606e-05
5.746746295402083448e-06,-1.480344009673495120e-05
8.899620169338662504e-06,-5.375785928713106917e-06
-1.144852795206059877e-05,-3.386888305048365960e-06
6.984867042672707969e-06,-1.672453143919121847e-05
-1.001615404468096502e-06,1.001887582113986438e-06
-6.841063400937877899e-06,-1.102789330520510106e-06
8.172788973380018410e-06,-1.507990099076924210e-05
8.447019189107953310e-06,-2.398494968714734396e-06
-3.328832073298745118e-06,7.321296501699061598e-07
-1.277650781445400136e-05,-2.003567214383679289e-06
-1.486988145157843571e-05,-3.049212427052482414e-06
7.821138134827410596e-06,-1.725690896415775545e-05
-4.935763378871693127e-05,-9.236018857753199767e-06
-5.106722758384249220e-07,5.836894197228803281e-07
3.010000855456399786e-06,-1.258271509060399223e-05
-5.305118142152858309e-06,-8.237953894647089532e-06
9.813932988337553627e-06,3.485491886060853729e-07
7.900063130880132295e-06,-1.726244930661595221e-05
1.121546063285229804e-05,-4.647459217709031532e-06
1.239662897579678081e-05,4.180129710349848744e-06
1.224852583392521041e-05,-2.279143095205546590e-06
9.349207185867408653e-06,4.197555995935226003e-06
-2.314641387594765924e-07,3.481665857400811412e-07
-2.078296030185436073e-07,5.809199529011882645e-08
8.383819257552342527e-06,-1.708146604768831002e-05
-2.122491593443823987e-06,1.937855004728873226e-07
-1.088912734135122945e-05,-3.777926464999768379e-06
9.731860834922789841e-06,1.263684389031174052e-08
7.693944356037585080e-06,-1.663905856696835380e-05
6.320045839310468489e-06,-7.380619092951340309e-06
8.478002985351582309e-06,-5.131591305631245623e-06
-1.611309161445517116e-05,-2.947967171329471684e-06
-1.341481888548307229e-06,-7.303362535615799063e-07
-1.249013446894710412e-06,-1.423031675860054377e-06
8.305683808349360089e-06,-1.717503023400661710e-05
6.649369891959503218e-06,-1.477059435829229725e-06
8.172251896080973466e-06,-1.463621743124540912e-05
1.017540531012390992e-05,-6.796917562649274532e-06
8.172212463238207980e-06,-6.200105277552888603e-06
-5.264026841463626552e-05,-7.838456994275233252e-06
6.912327459464823363e-06,-7.132967641790510411e-06
-2.568972413283375375e-06,-7.400083310302937638e-07
-5.376403981031309550e-05,-1.165002719067397481e-05
7.181494692242998923e-06,-7.330682917214415526e-07
-9.836734030780631943e-08,3.954401349085733409e-08
8.738201768140022271e-06,-9.854392593323565489e-06
8.485853105098381999e-06,-1.019460722758895031e-05
-1.665962298729026271e-06,-1.015779507679024563e-06
7.273814074720773102e-06,-1.649719036293085763e-05
-5.534528549340343327e-05,-1.374735681253441290e-05
-1.188156081567661980e-05,-1.464929376699375612e-06
-2.139174790551728061e-06,1.120785174698628364e-07
7.771180006643002957e-06,-1.527590605553165651e-05
7.949176684106457400e-06,5.350646327373208946e-07
1.525395990294394665e-05,2.318973167879060341e-07
-1.823190222664082798e-06,-4.773516496492064130e-07
-5.547965217379453737e-05,-9.573624104672414880e-06
-2.192833989659112699e-06,-4.564775798542602835e-07
-5.371245711665973381e-05,-1.506311037927933145e-05
1.039740411575370555e-05,-6.445884346409095051e-06
5.860934076158670892e-06,-3.663716186928681228e-06
-3.068300150219607513e-06,6.667922124385427662e-07
8.553450666212223164e-06,-8.607536145549644232e-06
-5.495171187430513928e-05,-1.690769231841009207e-05
-5.437815142968075913e-05,-1.766919871015272590e-05
-1.342347492870657656e-07,-2.641451756111762129e-07
-5.640312209373522291e-05,-1.740646674041675817e-05
8.478397034660015741e-06,-1.639155288257296175e-05
-5.581527118059471704e-05,-1.672099363326406651e-05
-2.307267950457183401e-06,-6.033667757178366894e-07
-2.613535990631329179e-06,-3.010662774707934353e-07
8.834646213465188703e-06,-1.161798469468850580e-05
1.372383218030882827e-05,4.036668372456628552e-06
5.533028591699058262e-06,2.513932023078649754e-07
7.638246831173710504e-06,2.871812143262098123e-06
4.154136891152049884e-06,-1.398522903259473637e-05
5.680970048364325907e-06,-1.570266100965081346e-05
-5.659020783555136639e-05,-1.656209146685487432e-05
-2.177491143194635958e-06,-1.323926029548568625e-06
7.807014957872829237e-06,-1.517937487762979961e-05
8.798827027422424050e-06,-9.115543883771688792e-06
-5.416340828010234281e-05,-8.794250073033650360e-06
-1.050748463460502943e-05,-7.924828132906864077e-07
-1.749488566284148813e-06,-3.540302134673879954e-07
8.103990613049533192e-06,-1.453010495947122381e-05
-9.358602460917969933e-06,-4.476822083551707096e-06
8.504785747379166194e-06,-1.526085651068498101e-05
-1.537983532359855078e-06,2.378413127340444552e-07
3.433803373883601805e-06,-1.861887625230970233e-06
-4.880112778721496203e-05,-1.003760841004619893e-05
7.643792027764211301e-06,-1.610598840339034582e-05
2.606547202180961249e-06,9.510913045315216387e-07
-7.800234070640626696e-06,-1.073118471010523037e-06
-3.550699173465469925e-07,-2.351288443611368155e-07
8.617986699758674324e-06,-2.737246494914688980e-06
7.939812110394728234e-06,-1.746885843208059321e-05
8.199340283681160298e-06,-1.746236517676811380e-05
7.668882763097667779e-07,7.348236002616522834e-07
-1.338979498042714570e-06,2.318715308664456345e-07
8.077711322261833937e-06,-1.755939480478700644e-05
-1.602802304293346593e-06,3.884088802747093372e-07
8.405769194086769959e-06,-1.593175965113777069e-05
-3.046382079191525760e-07,5.259686131813311081e-07
8.093942787832844311e-06,-1.762676614015282162e-05
-2.299333424721453394e-06,5.753996001266080484e-08
-1.318039415735185487e-07,1.974442913970856587e-07
-2.082318307067282342e-06,-5.151531094752279465e-07
-8.980608208248764640e-07,-3.382420132413738304e-07
-5.610845875224108864e-05,-8.741542081061267318e-06
7.428084995946966709e-06,-8.384913375572913491e-06
7.369741451453067386e-06,-7.886939947574576323e-06
-1.107361558046295044e-05,-3.247111739296781841e-06
7.816730366390919562e-06,-1.665414609867820283e-05
-1.533725841862174360e-06,-1.547677257068136179e-06
