Size 1639,2
7.543748134364717634e-09,-1.548678215272157726e-08
7.610453459584463777e-09,-1.714075225550753300e-08
-1.315766219117637436e-08,-3.947920389250138887e-09
-8.711206375755191324e-09,-2.937514182086119862e-09
-3.854281475120835481e-09,-4.309252824050298485e-11
-5.397680587911275998e-08,-7.363703653088846720e-09
-5.650220296696479573e-08,-1.492391913639583199e-08
-5.648455388487976801e-08,-7.361821751653258034e-09
7.525666221798250783e-09,-1.407596463647983803e-08
-3.745570986175475003e-09,-8.737842472547856216e-10
-1.871836723699377819e-09,1.797698067331420416e-09
-5.314634826749837479e-08,-1.573926602891700827e-08
-5.315671426775772797e-08,-1.171424557061228991e-08
9.511957669258658879e-09,-8.316210744993143581e-09
6.790330502059026475e-09,-8.314132304545967947e-09
8.711769536308353325e-09,-1.407484594707177401e-08
-1.266031776625420500e-08,-4.264760555304864193e-09
-1.217925599852458105e-08,-4.592822907897035365e-09
-1.169078960871591380e-08,-4.943161636165475628e-09
-1.116674049723670225e-08,-5.334538339888486659e-09
-1.056996722605630261e-08,-5.789508759599691376e-09
-9.856233022705625275e-09,-6.337750243697848262e-09
-8.967953235062693540e-09,-7.003881316600721228e-09
-7.849955506819013785e-09,-7.818498482846053543e-09
-6.464077835447461127e-09,-8.802888032263521533e-09
-4.835539407012271284e-09,-9.928814514074608352e-09
-3.128873771055243627e-09,-1.108816258950906050e-08
-1.448762936204448606e-09,-1.220299635812832650e-08
1.812906043209465313e-10,-1.325899940302837236e-08
1.700080649062243317e-09,-1.420189985850713973e-08
2.965622227828730455e-09,-1.495167880560445040e-08
3.949433353894706617e-09,-1.549853113150513878e-08
4.696666574164042814e-09,-1.589289397384186374e-08
5.276171354623921846e-09,-1.618563606975816922e-08
5.738711170845349188e-09,-1.639840797319864672e-08
6.119332270784367173e-09,-1.656750430200029710e-08
6.446344990077781025e-09,-1.670593703983162899e-08
6.738861576138175002e-09,-1.682392813126169401e-08
7.014221205796536974e-09,-1.693324913968651625e-08
7.292238555900653185e-09,-1.704138839299412590e-08
7.396983836989452972e-09,-1.529129965363827928e-08
7.228477819959661762e-09,-1.509677450097759054e-08
7.029625128746149567e-09,-1.488586996246569040e-08
6.788132658172543858e-09,-1.464009571824889286e-08
6.488054988287460934e-09,-1.434557349648729771e-08
6.097747895030686117e-09,-1.397495019885670743e-08
5.572960753806030452e-09,-1.350237383499985379e-08
4.855826887042205795e-09,-1.287613368568299275e-08
3.877517744651504104e-09,-1.205884311345088677e-08
2.601563338951471076e-09,-1.103939832209793819e-08
1.097730112960597044e-09,-9.887841200347087900e-09
-4.913838936442426977e-10,-8.700123225615854302e-09
-2.139384310472022839e-09,-7.494296973846025896e-09
-3.771190146357494175e-09,-6.323076475540261188e-09
-5.205254789358613694e-09,-5.314600314067884586e-09
-6.373947642949519817e-09,-4.509301471320084163e-09
-7.304239423898921916e-09,-3.877843310066487518e-09
-8.054509194343178852e-09,-3.371960278532141133e-09
-4.438190651558464682e-09,-1.764503808731958639e-11
-5.211202185763712357e-09,-2.186638921176557877e-11
-6.119791762804394568e-09,-4.505838945889221411e-11
-7.018394204836713941e-09,-5.916346940249129856e-11
-7.862081366433118936e-09,-8.227115019434211267e-11
-8.633915605280414296e-09,-1.098604588995481517e-10
-9.338015396507903769e-09,-1.453409939038626694e-10
-9.984267283095053196e-09,-1.961616628717317210e-10
-1.058680105608912568e-08,-2.561878638535175620e-10
-1.116620339178284158e-08,-3.243155027553713308e-10
-1.174111433767781626e-08,-3.998148891508450298e-10
-1.233568628230515881e-08,-4.829334903448628078e-10
-1.297872729421829939e-08,-5.742353100558979378e-10
-1.370707428349512010e-08,-6.773177832642330884e-10
-1.456953831737412888e-08,-7.979920900496726675e-10
-1.563427308424757503e-08,-9.491715858161812504e-10
-1.698156070109104797e-08,-1.143651207387347232e-09
-1.868817146322353845e-08,-1.402275022058056161e-09
-2.075125367031149335e-08,-1.727431022763423168e-09
-2.300518126603775382e-08,-2.091685131871720571e-09
-2.531043539698573017e-08,-2.469740057595941879e-09
-2.765750149780597967e-08,-2.858798517049352576e-09
-3.004182315729271973e-08,-3.257623207946990862e-09
-3.245915969484496341e-08,-3.665130523677253725e-09
-3.490556616540968150e-08,-4.080275195991311543e-09
-3.737777772065637662e-08,-4.501901094106825628e-09
-3.987249316425376670e-08,-4.929899918629969869e-09
-4.238692908217010523e-08,-5.362810690773688481e-09
-4.487792681098235431e-08,-5.793393018681703439e-09
-4.712207423135087034e-08,-6.180066746420439943e-09
-4.900202165439925961e-08,-6.504420036109661151e-09
-5.055052986793335212e-08,-6.771980996796689234e-09
-5.184601401290975918e-08,-6.995487504208007397e-09
-5.296669465539349869e-08,-7.188812910626618732e-09
-5.648464885992672714e-08,-8.326423127590017519e-09
-5.648538776471894074e-08,-9.153218625793113936e-09
-5.648684628731569202e-08,-9.887407860374164667e-09
-5.648878594461697746e-08,-1.056370792964351348e-08
-5.649119916603637769e-08,-1.121058575824464291e-08
-5.649368345943748428e-08,-1.185333851594799658e-08
-5.649626937473457714e-08,-1.251668349561921231e-08
-5.649863476548631041e-08,-1.322723647322629360e-08
-5.650064257059028093e-08,-1.401641996440865274e-08
7.525750802213779169e-09,-1.440921458890703891e-08
7.526331202975484854e-09,-1.468250468330061885e-08
7.527846637625794502e-09,-1.490961689145311444e-08
7.530763158121541662e-09,-1.510130684056762646e-08
7.535532716619564352e-09,-1.526418343687567445e-08
7.541672660664179228e-09,-1.539948755913271604e-08
-8.249197935155809822e-09,-2.743701801490676763e-09
-7.700011588015944453e-09,-2.535630077602817562e-09
-7.073907719939668140e-09,-2.300868898536998528e-09
-6.377266919713724549e-09,-2.031069368025652623e-09
-5.635066509377548270e-09,-1.737647795441210376e-09
-4.891651024227642513e-09,-1.427064824205262362e-09
-4.245714010061339671e-09,-1.137281494440419519e-09
-3.592783292823268811e-09,-1.138066341979646911e-09
-3.384141295702554623e-09,-1.423481824629012693e-09
-3.120121143999316402e-09,-1.676204597755779051e-09
-2.808553599075317639e-09,-1.877339234153919196e-09
-2.469792997155935643e-09,-2.012909242229473597e-09
-2.124134052122455944e-09,-2.080605099365243108e-09
-1.769449988342846092e-09,-2.083797165022308096e-09
-1.402849329681899923e-09,-2.017611509366082207e-09
-1.044609008014334648e-09,-1.876792808919444448e-09
-7.200270727471195687e-10,-1.668037966764399505e-09
-4.605759911062364023e-10,-1.420916162235392684e-09
-2.776723268064208036e-10,-1.176481034495956061e-09
-1.571979257551586638e-10,-9.572492594085282148e-10
-7.886744997452270420e-11,-7.684505576605125578e-10
-2.879893249244673047e-11,-6.055722373617152522e-10
2.743188086018558553e-12,-4.611879786230336216e-10
2.098013915977768461e-11,-3.272576064899675018e-10
2.432926741171143506e-11,-1.892321593215867948e-10
0.000000000000000000e+00,0.000000000000000000e+00
0.000000000000000000e+00,0.000000000000000000e+00
-4.781706223420707506e-12,1.952108493842237816e-11
-4.753560703883336097e-12,6.632928372228197296e-11
-6.905879027096131709e-12,1.254206283251326897e-10
-1.268710783357143817e-11,1.949737140492676898e-10
-2.362949471520549494e-11,2.762675155604589767e-10
-4.213584289719968058e-11,3.725638704339441987e-10
-7.286013959207726161e-11,4.882975779651657127e-10
-1.224104600997534076e-10,6.296342859492150721e-10
-2.027295867315484921e-10,8.017670565455370597e-10
-3.300902008363333725e-10,1.007729088583746098e-09
-5.254309541684504558e-10,1.238425739717084254e-09
-7.987166870526354825e-10,1.465042084778584866e-09
-1.129529864921739455e-09,1.645386743174068403e-09
-1.492136399275580106e-09,1.758082807317827675e-09
-2.241897285592683683e-09,1.764015820304619875e-09
-2.599830265844719269e-09,1.660315907743924116e-09
-2.932401283046776520e-09,1.490121845197493371e-09
-3.227139426279944442e-09,1.259615800373041855e-09
-3.473267131419005362e-09,9.773860536989697764e-10
-3.662713172841125437e-09,6.542346643396842807e-10
-3.788550335107267185e-09,3.048289939127127965e-10
-5.479292638069660491e-08,-7.362335616841620070e-09
-5.561947732901646842e-08,-7.361821510515522972e-09
-5.718027876182447259e-08,-1.575143111705788698e-08
-5.737321213652790219e-08,-1.705121831379998656e-08
-5.661358033176394411e-08,-1.841792486500573121e-08
-5.499670754832965233e-08,-1.894797922903904095e-08
-5.350933608031925814e-08,-1.822696858300833870e-08
-5.293005830773795224e-08,-1.690379775742604827e-08
-5.314710175446633646e-08,-1.484370613161537180e-08
-5.314823376625907676e-08,-1.407858829087565620e-08
-5.314961399140823265e-08,-1.340823563311987400e-08
-5.315123656489135446e-08,-1.280499038468559445e-08
-5.315324110366710539e-08,-1.224684562482540162e-08
-5.254839016856420892e-08,-1.160206552848207805e-08
-5.186525380566076061e-08,-1.147738065323106066e-08
-5.107349952116507915e-08,-1.133325637586022802e-08
-5.012669657645033541e-08,-1.116047213546254671e-08
-4.896175933131823887e-08,-1.094788829882922903e-08
-4.749907670686665489e-08,-1.067992559721063426e-08
-4.565828627026905213e-08,-1.034209233744394893e-08
-4.341184802403472175e-08,-9.929209660597689709e-09
-4.090807869573942597e-08,-9.467628782471258590e-09
-3.838972583668987757e-08,-9.000275709683032229e-09
-3.589350365020135075e-08,-8.533020413328929577e-09
-3.342147782218611105e-08,-8.067406121279463578e-09
-3.097759568463100376e-08,-7.602694075608963741e-09
-2.856563656031651548e-08,-7.139412334951229864e-09
-2.618976199194892718e-08,-6.678043455058750518e-09
-2.385446562594244460e-08,-6.219166948740185316e-09
-2.156463353795771574e-08,-5.763437119720439522e-09
-1.935969700398684711e-08,-5.318507374457348075e-09
-1.746402143363530473e-08,-4.919449059332135982e-09
-1.595788443692448152e-08,-4.593140099464939206e-09
-1.479333021743115709e-08,-4.334705888653578584e-09
-1.388473465200518726e-08,-4.124419588626795133e-09
7.751041875846444743e-09,-1.731650617086176576e-08
7.879310709469370479e-09,-1.749392914610719284e-08
8.029464308383926557e-09,-1.759763350950594682e-08
8.155084281991706952e-09,-1.758827869063241405e-08
8.265837111996195490e-09,-1.752048477183347087e-08
8.355657182559896441e-09,-1.742148789933688170e-08
8.430262952865076032e-09,-1.730900799346324715e-08
8.494523120017257457e-09,-1.719032315836176700e-08
8.549959256889175264e-09,-1.706723304841108422e-08
8.601399926229823256e-09,-1.694041424128869166e-08
8.649496159556055700e-09,-1.680624079530678473e-08
8.696161907101478808e-09,-1.666138582586008793e-08
8.743439235774102661e-09,-1.649999544162815950e-08
8.793045296046109035e-09,-1.631436263344331532e-08
8.845622284708246830e-09,-1.609376735398192125e-08
8.905066195376515913e-09,-1.582030044161004539e-08
8.971449081066886913e-09,-1.547120444239458698e-08
9.046613724930086279e-09,-1.501038458794746587e-08
9.133360040504215963e-09,-1.438170923329469558e-08
9.221588024548830455e-09,-1.351882914887938976e-08
9.314081047972775617e-09,-1.242066020742678990e-08
9.384055794695081727e-09,-1.142096806974269264e-08
9.429073636530027863e-09,-1.058838895956928953e-08
9.461898489920985913e-09,-9.894248857517863956e-09
9.483866202720052208e-09,-9.302714843592185744e-09
9.500043451796137157e-09,-8.785604097145166030e-09
9.985196274860920192e-09,-8.221107266371722371e-09
1.051861225516816597e-08,-8.078110424036033973e-09
1.113678222683142540e-08,-7.863372486012298376e-09
1.186195808633340512e-08,-7.538180055287571465e-09
1.270728899841810017e-08,-7.044370471125764244e-09
1.365633483478716422e-08,-6.306505293980179983e-09
1.463134583531458185e-08,-5.260110010007975457e-09
1.548395710065066964e-08,-3.919650826518361626e-09
1.607192986657860023e-08,-2.409142750607137608e-09
1.635250203394295045e-08,-8.126805723211922406e-10
1.631465751885291774e-08,8.081683662547841523e-10
1.595959214267158029e-08,2.390311498488194929e-09
1.530109505810713484e-08,3.872413786786234160e-09
1.436466613012437210e-08,5.196771434738630280e-09
1.318662458205912286e-08,6.311871176384250776e-09
1.181289001086982092e-08,7.174138790951810250e-09
1.029691478083742024e-08,7.750190405101687110e-09
8.697982037065080235e-09,8.017617402979760855e-09
7.078509877542446892e-09,7.966254823922756647e-09
5.501596395979056634e-09,7.598360783377776286e-09
4.029046797546767666e-09,6.928919128793441837e-09
2.745072961247683115e-09,6.008175692287262609e-09
1.772869088358970630e-09,4.997964056641895971e-09
1.112655848284277362e-09,4.051644668892641940e-09
6.863457158496086343e-10,3.236438796580413503e-09
4.149181063136200806e-10,2.555528710231300385e-09
2.413787833177653869e-10,1.987453927884079157e-09
1.297338456768334185e-10,1.506741583920959268e-09
5.847235309063287499e-11,1.090030730674363703e-09
1.468939501404067957e-11,7.182969339368366351e-10
-7.921441107363057799e-12,3.731523366877831048e-10
0.000000000000000000e+00,0.000000000000000000e+00
0.000000000000000000e+00,0.000000000000000000e+00
-4.357531732823897779e-11,-4.911388821849736995e-10
-2.531199253912961499e-11,-8.871238724306477993e-10
1.879916413094681185e-11,-1.293960330046821699e-09
9.175736122256387495e-11,-1.736563900611997694e-09
2.051884366185980705e-10,-2.237797787811720723e-09
3.798441031972294301e-10,-2.822165928800961430e-09
6.511967572822237818e-10,-3.516382646744296753e-09
1.074679362979500118e-09,-4.342183042875582443e-09
1.727898296857492127e-09,-5.298293127638219850e-09
2.659630335016916453e-09,-6.293673457390038319e-09
3.609558376292089609e-09,-7.035408919033819082e-09
4.454551903965301480e-09,-7.531119705832170758e-09
5.178186690033805447e-09,-7.857340172984639924e-09
5.793846598262248585e-09,-8.072777854222368304e-09
6.323499444520087427e-09,-8.216669364501762940e-09
6.796879619648582002e-09,-8.783954959115436853e-09
6.808020452387312284e-09,-9.299359559257902084e-09
6.827221853530458238e-09,-9.886670898449054983e-09
6.853166660579342653e-09,-1.057568684087569175e-08
6.892266634106774625e-09,-1.139911516439757604e-08
6.948879592632681518e-09,-1.238655226748204441e-08
7.032158856453776347e-09,-1.351286572716054672e-08
7.124864262192621397e-09,-1.444210367765857910e-08
7.213136302744081758e-09,-1.513804817695044856e-08
7.294734835485250852e-09,-1.565549093584376373e-08
7.370777187230425344e-09,-1.605827291386575389e-08
7.446186503428209547e-09,-1.637894798641037272e-08
7.516687941798677305e-09,-1.664548617592055462e-08
7.587928722304533420e-09,-1.687540700295470364e-08
7.663076786097314247e-09,-1.707754846045233523e-08
7.743331291193611838e-09,-1.726102784126381596e-08
7.835177669625265250e-09,-1.741744829589077717e-08
7.950476964102736981e-09,-1.754327884556476414e-08
8.073765460301133827e-09,-1.760632475037874524e-08
8.220484361107563111e-09,-1.756820006302236787e-08
8.382263451690140743e-09,-1.737646636672648053e-08
8.527061317547656197e-09,-1.707212844838184383e-08
8.628629788050992395e-09,-1.672452991640842769e-08
8.690700822934559003e-09,-1.636421293635511751e-08
8.719264798687439955e-09,-1.600840811454592098e-08
8.725819527171480441e-09,-1.566267641461174395e-08
8.720946739620158367e-09,-1.531880891761932427e-08
8.715037314184244259e-09,-1.495782478523555836e-08
8.712228925301485290e-09,-1.455290143054809900e-08
8.285123312569671817e-09,-1.407508277959295655e-08
7.894901892368984937e-09,-1.407573913208215307e-08
-4.498050796179830990e-11,3.366865516081446812e-11
2.399439165281452175e-10,-4.193305852316785775e-11
9.666743308728015129e-09,-7.878566121387105065e-09
6.092258084914476825e-09,-7.675844495292484139e-09
-1.746925665806812953e-10,-6.493709316153988562e-10
9.966760946117731104e-10,-2.940231383496941437e-09
1.078233951402978272e-09,2.663771397141760345e-09
-3.284959973854677027e-10,6.374877708757397649e-10
1.476517732334005454e-08,1.356539067693483526e-09
1.254807485894219710e-08,-5.945357473071989079e-09
-2.252817999721747470e-09,-1.744554931443483913e-09
-2.330555594912641648e-09,1.415861871202214548e-09
3.671689012769068680e-09,-5.955868103656651825e-09
5.265859140732000813e-09,6.187622208539792853e-09
-7.658400071894378272e-10,-1.371386363381014391e-09
-8.071715267812743940e-11,2.354053333331896225e-10
4.073516304078436934e-10,8.238539673979870687e-10
3.281376021391143718e-10,-1.048844672570453816e-09
-6.086040780048575526e-11,-9.795919286011145053e-11
-3.468877881993296605e-09,7.336223116412621202e-11
-1.139818117767944810e-08,-8.403720247318191415e-10
7.568399355637781238e-09,-1.694309409019520003e-08
7.385381701442640742e-09,-1.552647609060065812e-08
7.520135234445733587e-09,-1.565934369953694777e-08
-1.209628784468632693e-08,-4.024302768318633379e-09
-7.777887515334043350e-10,1.132203866938975494e-09
-5.292345583816418104e-08,-1.114624854122151763e-08
9.231680624995055843e-09,-7.949308527570341403e-09
9.370493689163870192e-09,-7.553627439355408622e-09
8.979803079053323655e-09,-7.630544223041148318e-09
9.107253064984976191e-09,-7.265044400288235350e-09
8.740013885856386428e-09,-7.334330793580765039e-09
8.860612827336469394e-09,-6.984176454960998223e-09
8.506229540995793024e-09,-7.058059066560283283e-09
8.628844718590236587e-09,-6.706614943076040626e-09
9.453199890280231953e-09,-7.221700426995033205e-09
8.551095868243924902e-09,-1.675157719382889608e-08
1.055609398769614719e-08,6.327898395186713298e-09
-5.599419958049166896e-08,-9.394004300171799780e-09
8.838766437814729374e-09,-7.988327598149347492e-09
8.421463950622542343e-09,-1.714266326226856689e-08
7.361267696040159691e-09,-1.572505489002131941e-08
7.498362309319896957e-09,-1.584499894045388849e-08
7.647672200013641654e-09,-1.546133793805461824e-08
-3.269263782604520253e-09,-1.096218529328227219e-09
-5.155232350860259851e-08,-1.061232284636243075e-08
-5.354177057589857111e-08,-1.205551455716881917e-08
8.609632145832882489e-09,-1.622375631618540033e-08
8.301164678483366898e-09,-1.738659556953318665e-08
7.274317651072719910e-09,-9.082397584836125886e-09
6.743267445029161955e-09,-1.498818352039998009e-08
-1.261613077406541514e-08,-1.030950267962145234e-09
7.641712130609566194e-09,-1.577713242343694383e-08
7.625312979034221600e-09,-1.596146770496750246e-08
-1.014650594835534522e-08,-6.795040599416780513e-10
-1.111271557193612125e-08,-4.677281674801796275e-09
7.338733629812827420e-09,-1.591942529500544381e-08
7.186145139125643526e-09,-1.580132550808783441e-08
-5.593416623387563995e-08,-1.086066369213346517e-08
8.388503401504769316e-09,-7.392284820563107753e-09
8.164834577063872322e-09,-7.125922734980595191e-09
-5.365418750049911790e-08,-1.310075770459044030e-08
7.764399633850835525e-09,-1.589177309259778546e-08
7.752838384353339171e-09,-1.607762478806460063e-08
7.665156667957439896e-09,-1.518409397182927471e-08
7.708144361167135924e-09,-1.479627544742707280e-08
7.706781680042107808e-09,-1.653085459392567617e-08
1.120993393068029558e-08,-7.155884633247921834e-09
1.465330919561538181e-08,-2.656101629931335719e-09
-8.552912500837339175e-09,-2.373144351560926705e-09
-9.086043657091896790e-09,-2.506817262666156173e-09
-3.103174696099244529e-09,9.076471628769819692e-10
7.784444261678976887e-09,-1.698260269379502509e-08
7.604299554029698195e-09,-1.615237980687073086e-08
-1.503290224402714858e-10,3.997417259113982890e-10
5.713431427019458096e-10,1.654848616740594867e-09
5.498252005208532698e-10,-1.892498059130441137e-09
9.151472297186325652e-09,-9.013372020553638778e-09
-8.092779781225667168e-11,-3.571961970778041044e-10
5.163977427274116160e-09,-7.132216909825463333e-09
-5.337167490604500978e-08,-8.025586594691739589e-09
-9.251678766808545029e-09,-3.074999751370237251e-09
-9.611173474481276158e-09,-2.665658880919510151e-09
7.165669865726510093e-09,-1.600424506240763815e-08
6.994881199902818802e-09,-1.588504846021554427e-08
8.051822539077484090e-09,-7.448288668246395921e-09
7.831965326670265792e-09,-7.189092992912303502e-09
7.943250290778015578e-09,-6.856521967072227417e-09
7.594181154734373908e-09,-6.922698372261129293e-09
7.710353116114349467e-09,-6.572196249389021812e-09
7.342570089263818764e-09,-6.647436603046555106e-09
7.464966640897364865e-09,-6.255465261507419711e-09
7.030628313671443493e-09,-6.355584527010638134e-09
7.186398474913514802e-09,-5.907718897495981604e-09
7.654607444634886190e-09,-5.834792251273336775e-09
7.340766929379462182e-09,-5.425197833042488882e-09
7.962980161811400667e-09,-5.331744751845491128e-09
7.531823828419025052e-09,-4.883180453575841636e-09
8.166362221705670699e-09,-4.743002548251354915e-09
7.730637422033897930e-09,-4.231096953248991179e-09
8.425345324777712400e-09,-4.097520791813634164e-09
7.937655780707217387e-09,-3.500833448643507403e-09
7.096997965197935770e-09,-3.583010588874988415e-09
7.453622285180149905e-09,-2.887346560549188309e-09
8.123523070348340140e-09,-2.740755276320669636e-09
7.643385394845814227e-09,-2.267827196618642357e-09
7.062713434531307062e-09,-2.347794125013462248e-09
7.303030571083993324e-09,-1.830442920164936628e-09
6.776807031435811106e-09,-1.890123066768740439e-09
7.792160461002867246e-09,-1.745012861573090396e-09
7.503397903830518437e-09,-1.372953827965625798e-09
7.936188708045924267e-09,-1.306553300270082761e-09
7.676323069482639519e-09,-9.887900258414181098e-10
8.062623512469792296e-09,-9.269616551882980530e-10
7.834839054019667139e-09,-6.402231225513284083e-10
8.332556982454657442e-09,-1.219202145996097748e-09
8.889815651172471107e-09,-4.756982894883259607e-09
9.186115668562645950e-09,-3.999967856934879523e-09
6.473280010254317556e-09,-2.390159595030898815e-09
6.186302541508486861e-09,-1.796269417300660621e-09
5.819243735634278008e-09,-2.465267821690096581e-09
5.431287706027002406e-09,-1.872702334439536451e-09
5.759595300161009047e-09,-1.244986964236507418e-09
5.010369328956757796e-09,-1.279253607570687231e-09
5.384222369194698164e-09,-6.524891322707681935e-10
4.609377640470276055e-09,-6.558682741182257759e-10
5.031689414774964689e-09,2.263741671791548847e-11
4.223710330093020708e-09,2.769276032268398134e-11
4.675744913548151926e-09,-1.988363293346945972e-09
4.629030151354400032e-09,7.261758016386632746e-10
5.443920555666789512e-09,7.154402979486587259e-10
6.719571206900562105e-09,-5.975324206373855611e-09
7.476580938084297154e-09,-6.915689165031154344e-10
5.058065040384160791e-09,1.403372183108482162e-09
5.826524836481644246e-09,1.396281942524534363e-09
4.197280508359782946e-09,1.427111723686295717e-09
9.685919660991962975e-09,-4.691363276343050178e-09
1.000522089671255448e-08,-3.949120514712670983e-09
-1.363843628677099762e-08,-3.461933004432755832e-09
-3.898002438746528750e-10,-9.389885417923161235e-10
-5.594768079152954142e-08,-1.219913745284293098e-08
8.660604724032535255e-09,-1.566223403208736832e-08
2.131618179211028810e-09,-4.286442904161886492e-09
7.737818574365779970e-09,-1.626975008582793857e-08
-5.617922253479179504e-08,-1.588005744754242311e-08
7.888392141324762333e-09,-1.619115575102542442e-08
7.871949570583195669e-09,-1.639694463936911868e-08
-5.374087103686974923e-08,-1.440200475875375419e-08
5.480343000779675055e-09,2.036468401579108889e-09
6.213736496966425750e-09,1.985912900559013533e-09
6.521887146818363952e-09,1.410288124074511576e-09
6.861580079489679340e-09,1.921695192750378400e-09
7.137816378313198893e-09,1.406589523734998121e-09
8.182587708073559532e-09,-5.846126356546899452e-10
7.433921797994616062e-09,1.865346909736192729e-09
7.669445168330606434e-09,1.402457671320745114e-09
7.953229812720274877e-09,1.828609537958100495e-09
8.173122130944688418e-09,1.385508811380855795e-09
8.450086438401931712e-09,1.789430917689315064e-09
8.667321938093496099e-09,1.362601177621323358e-09
8.942051153209886470e-09,1.761855431187617601e-09
9.171779447855915771e-09,1.340360394692890496e-09
9.459541492973255639e-09,1.750962794490989304e-09
9.715942051950716552e-09,1.287678870920900357e-09
1.003014084140109908e-08,1.754197445986610467e-09
7.744251888641700730e-09,2.308492480990760171e-09
9.241782331423871222e-09,2.303576892623386792e-09
1.028925930084612995e-08,1.223589513648136575e-09
9.948611271612184225e-09,7.357550646435149234e-10
1.053738066629436460e-08,6.858963570401120188e-10
1.019377172742821576e-08,2.108311795249607401e-10
1.078572674932239963e-08,1.516514838501964196e-10
1.040961513023986862e-08,-3.790137306915608740e-10
1.064540200112739701e-08,1.735544634893737953e-09
7.968731083538265792e-09,-3.166300551616654802e-10
8.301782183841133157e-09,-2.628159370310195869e-10
1.105641594308026620e-08,-4.070334104083704667e-10
8.519290113030164135e-09,-5.219116908953419400e-10
1.069760739874358858e-08,-9.701375842389971632e-10
8.634951865188967944e-09,-2.021152744009805013e-10
8.859691638947409262e-09,-4.679734349599440757e-10
6.868592678501837465e-09,8.808721251629368317e-10
6.631536278002472152e-09,2.549291560769077703e-09
8.090512450173910141e-09,-4.118939294335199196e-12
8.999770322959101756e-09,-6.624275140965090296e-09
1.118324794842309803e-08,6.781169602640954369e-10
7.762370766141157634e-09,-5.086598331090592967e-11
7.438900656152747474e-09,-1.013761089033375222e-08
-9.811078261243426273e-09,-3.178741507181730752e-09
-1.009724081728341945e-08,-2.804775295103160730e-09
-9.497137624675583291e-09,-3.593700966079398079e-09
-9.962358428094299689e-09,-2.376140099156578996e-09
-1.038693264589590022e-08,-2.507750977514512895e-09
-1.052780055230771660e-08,-2.904662607807938312e-09
-1.078490355679545597e-08,-2.607516952264719154e-09
-1.065814871584359871e-08,-2.231763409224113525e-09
-1.104261208640736330e-08,-2.327183863715661451e-09
-1.117117600216017002e-08,-2.700667020040815886e-09
-1.142521379047315911e-08,-2.418238489287357650e-09
6.066989556131127857e-09,-1.451839183416256313e-08
5.783706640327269874e-09,-1.605899443027562430e-08
-8.095405659395670083e-09,-4.194947789618985466e-09
6.843260333896624759e-09,-4.952685951827921644e-09
1.136586421013118280e-08,-1.011161251005417806e-09
3.011341255992770561e-09,4.657975596779440859e-09
-5.588797314654941718e-08,-1.353371831516503155e-08
3.808878116805882683e-09,-6.574894014269495115e-10
3.417492738614992934e-09,8.589491230300641913e-12
3.052910735859517195e-09,-6.421895806797456181e-10
2.681720756695770582e-09,-3.877247094958372017e-11
2.361057452166374988e-09,-6.314680701575699213e-10
2.620129307428033834e-09,-1.237668124196930823e-09
2.038262042322512167e-09,-1.020208498512083151e-10
2.283301240389007229e-09,4.740866028335910597e-10
-8.910562442107770353e-09,-1.978071932794001549e-09
-8.378724691993189499e-09,-1.846263303222429944e-09
-1.297122039223203282e-08,-3.322029541774746168e-09
1.032689336131292441e-08,2.372366898819531780e-09
1.118061571294237318e-08,2.317018025428401098e-09
8.489053101557509459e-09,-1.548021541594228452e-08
-1.338641438140683070e-08,-2.830517769142648445e-09
-1.410966619577613100e-08,-2.938965195814348595e-09
7.497310828201757542e-09,-7.258534846101894460e-09
7.798001167564815636e-09,-1.705230741081041497e-08
1.094747810535444488e-08,-1.570520821985500653e-09
1.021786641401947856e-08,-1.442765942794575603e-09
1.776195787407843425e-09,-5.861849506662847421e-10
7.915020116907831313e-09,-1.736768212249331063e-08
1.173111244388973716e-08,-3.348762986732989172e-10
8.978351456844517318e-09,-1.377465777995750598e-10
8.747718186572417964e-09,1.168914784810392951e-10
1.497754737053905614e-09,-1.409642044083871275e-10
6.976249915785291266e-09,-1.609815963630625828e-08
7.144694802641157861e-09,-1.620802152955142494e-08
-1.155744085658662044e-08,-2.793653852490912297e-09
-1.130496799482763371e-08,-3.066262899327793548e-09
-1.181824146278577081e-08,-2.505233156588638556e-09
-1.169143834250820720e-08,-2.124340214791696849e-09
-1.209730183065896069e-08,-2.207109901162110397e-09
8.163361327446826549e-09,-1.758238848895973747e-08
-4.989731970730981929e-08,-1.013736383395610846e-08
6.782352282982630561e-09,-1.598027294788399422e-08
8.740923341608935809e-09,-6.318625155071337455e-09
9.149205331489006339e-09,-6.230756578884059077e-09
7.871597565818710076e-09,2.533672526299599360e-10
-1.326785438174274332e-09,-1.672030982661212174e-09
7.581151636769778532e-09,-1.634662565642377017e-08
7.679209678803620367e-09,-1.589160479708219720e-08
8.029995629379705070e-09,-1.631157602760698214e-08
8.013085639779335200e-09,-1.653287391030248263e-08
8.044839986451943449e-09,-1.609402513480728185e-08
6.010349965843635904e-09,-7.029848321528187064e-10
9.220086204769445846e-09,-4.112904543138630328e-10
9.087769356694804630e-09,-7.640548875284896203e-10
-1.092237589891235594e-08,-1.956128503230072756e-09
-1.053071248977790661e-08,-1.861121335659060839e-09
-1.396704606776572492e-09,1.421289036159765434e-09
-9.836859669341930946e-09,-5.461645420395048559e-09
1.169264042604562494e-08,-1.661970968696885078e-09
6.554106353872424012e-09,-6.486174498525854481e-09
6.198831170315807039e-09,-6.049839959155051232e-09
1.068810781870292334e-08,3.154814254166960693e-09
1.165172237994338798e-08,3.113283651919570376e-09
-1.001239358712043422e-08,-3.682317600079388885e-09
7.529596570082758961e-09,2.309248032110342496e-10
6.804951539546211190e-09,-1.573978868567597916e-08
-2.821211405814605786e-09,-1.525362487379823024e-09
4.710707915254903231e-09,-1.518688911235941672e-08
1.259446856752118029e-09,-5.235632658417235500e-10
1.466864230171053365e-09,-1.001900020827435498e-09
7.709038393736047831e-09,-1.476210582857871206e-08
8.989472408212532346e-09,-1.028434469635081696e-08
1.049437801650126814e-08,-4.647672425933688271e-09
1.091973781083712512e-08,-3.815174184791924474e-09
7.778121259063877889e-09,6.691812731427352089e-09
-8.744059946476889374e-09,-1.459644055010841967e-09
-5.392332967605884541e-08,-1.648569099720431841e-08
-9.267402115317060894e-09,-1.577672668174377124e-09
-7.363952059856898650e-09,-6.919426255117300131e-10
9.094964703154206810e-09,1.989664772436981498e-10
-1.545019287343709937e-08,-3.536615554677374626e-09
6.951862582362253642e-09,-1.631090811773943593e-08
7.134199587784784333e-09,-1.641573061193536230e-08
8.370956726508841132e-09,9.952485422982187212e-10
9.476837691629708730e-09,-7.078486996457167757e-10
9.328457740588423745e-09,-1.086308327614281401e-09
-1.195110792162796748e-08,-2.910936024986295535e-09
-5.092546036722649094e-08,-8.002512646272897789e-09
-1.382340864861983376e-08,-2.293582959797888143e-09
1.217529006740025090e-08,2.165267259992306088e-09
6.564181001693424705e-09,-1.584237917474005042e-08
8.270555844051227999e-09,-7.717996157875495247e-09
7.936900698145866363e-09,-7.765945428092862471e-09
8.150073048102703586e-09,-8.036481904250902395e-09
7.821437656044920841e-09,-8.082901207334164067e-09
8.036225425433271683e-09,-8.359024383218454318e-09
7.967023034993313520e-09,-1.742121980240170721e-08
-5.560342872660686759e-08,-1.513506028701147162e-08
8.417852710909589843e-09,-1.477079134660009499e-08
1.012594322000810860e-08,-5.406122542475525840e-09
-5.514176983797346089e-08,-8.086065072648354529e-09
1.037252700124279899e-09,-1.360503607267994396e-10
1.230581623087785077e-09,2.165076979099849517e-10
9.515740361949877716e-09,-3.213769094672355785e-09
1.051167206804591016e-08,-2.105489343090148133e-09
7.676175125210325926e-09,-1.180948728890298485e-08
-1.080349147196300301e-08,-1.578901765294430701e-09
7.648506156294005806e-09,5.893578949883352548e-10
-7.743154417867205292e-09,-6.577209963962781299e-09
-5.351502579519560072e-08,-1.121338683841689984e-08
-5.330081092418540742e-08,-1.070062561441555026e-08
-5.387212198469403533e-08,-1.079340219886496288e-08
-5.367042401483155319e-08,-1.026977553666415353e-08
-5.312274807540439931e-08,-1.013040308502131239e-08
-5.423229021862529037e-08,-1.036727981751115646e-08
-5.442898201094353806e-08,-1.088924891487762652e-08
-5.402966096338796291e-08,-9.828744180931122190e-09
-5.478519005036743603e-08,-1.046636520290857200e-08
8.318597496448427897e-09,-1.692248127973204723e-08
6.593526133681909125e-09,-1.556904153714697101e-08
-1.457765572591592197e-08,-2.377852753600207313e-09
8.198373614962274531e-09,-1.621735572382439458e-08
8.213187940629539218e-09,-1.599409488565429891e-08
-7.476189546120058330e-09,-1.948375713292880664e-09
-1.312830544997910451e-08,-2.203466249254380312e-09
8.035636246017939936e-09,-1.585009508629739104e-08
-1.197928508875375909e-08,-1.815648613039087050e-09
8.123399406958499227e-10,1.963613586996843984e-10
9.873054108776063704e-10,5.217585465722410054e-10
1.405753260671860366e-09,5.883256746062603128e-10
1.091275966378544773e-09,9.319884633058024712e-10
1.600621438964598593e-09,9.889186165191985339e-10
8.841632139723331473e-09,-5.860254003609554738e-09
7.772982966866055405e-09,-1.571400361950632715e-08
9.888821607870495598e-09,-1.992338067742266821e-09
1.314772434502686598e-09,1.369208629624277782e-09
1.851055548676247402e-09,1.429622385665786970e-09
6.515073253150750107e-09,-1.609961659026236244e-08
8.355675732219193278e-10,-4.610672423504649369e-10
1.285453129101690403e-08,3.085112057412756045e-09
7.710750970444277934e-09,-8.400687679717035032e-09
7.919173294037766807e-09,-8.693628825022985211e-09
8.262551207370374617e-09,-8.650284306643516971e-09
8.163272334251081672e-09,-9.003916209814154371e-09
-9.699952063523807054e-09,-4.113547896356775098e-09
-1.039940210424312897e-08,-1.484564496733984551e-09
8.421631027022138463e-09,-1.397821651927630170e-08
8.211212167929302403e-09,3.477107274641213160e-10
8.106238281346989294e-09,-1.763048271186730520e-08
7.625816087316024931e-09,-7.823058465805932160e-09
7.413652406810349494e-09,-9.741902089216010973e-11
7.181105982901616527e-09,1.771052825338907758e-10
7.050969751866532251e-09,-1.683812564885110972e-10
6.807251035302046034e-09,1.325155839375745486e-10
-1.120751703114540319e-08,-1.660632535477472746e-09
4.846391500033063147e-09,-1.373989566525687319e-08
-5.496816401093777510e-08,-1.098564189476959627e-08
-5.462371604255967544e-08,-1.140386380330103828e-08
-4.782144011359907248e-08,-7.787644155914882234e-09
1.094522977447503953e-08,-5.354920161554666772e-09
-1.066936269084443172e-08,-1.184183854957333453e-09
8.843970461755521274e-09,4.706916219121445506e-10
7.845554170590468227e-09,-1.660877633643407653e-08
7.988106814764571176e-09,-1.675523647991339891e-08
-5.516316153711629477e-08,-1.149587973570295708e-08
-5.481992910271005488e-08,-1.191614571399647574e-08
8.055045720023630248e-09,-6.515672096709751747e-09
-1.012399504652144192e-08,-1.778437728399369463e-09
-9.984578288198719401e-09,-1.391161843331490089e-09
-1.022468683394874137e-08,-4.252750854330323681e-09
-1.047679163759324939e-08,-3.746990880599024652e-09
1.065259561087361800e-08,-5.962698287354175263e-09
-1.239602855605883060e-08,-1.891554381538610345e-09
8.460531877152317048e-09,-6.015834751596768942e-09
9.214017696779459640e-09,5.723025856167874467e-10
1.117430954570502505e-08,4.170489386533278722e-09
1.029560204143090984e-08,3.925211153714921782e-09
6.039337022600391886e-09,-6.615287029828202877e-09
5.628189555630403406e-09,-6.204710004447204391e-09
5.809555070575563546e-09,-5.552696434238679928e-09
5.134588216904640600e-09,-5.696422401780843759e-09
5.344993177549187784e-09,-4.982135682741091376e-09
6.317609980158259480e-09,-1.567904173998824283e-08
6.339618221146993044e-09,-1.536923433592517241e-08
9.607090562740935105e-09,-3.236059043565833402e-10
-9.110096675723150221e-09,-1.070410074014779553e-09
-8.218771976555584642e-09,-1.303379760038809109e-09
4.558514722664750912e-09,-5.096367015030936441e-09
4.815004979626010836e-09,-4.358706269039594367e-09
3.925553564866703581e-09,-4.451418425871606243e-09
4.211800243823189198e-09,-3.707329588799862975e-09
5.608161409006777430e-09,-4.269369174585628688e-09
-6.173048981806118576e-09,-1.249099391117748410e-09
6.845771041578732627e-09,-1.547504381297112705e-08
9.467520924832617399e-09,2.746266681596981015e-10
6.013413763199154126e-09,-1.549787803070611400e-08
9.443877467537901419e-09,-6.556416244569586196e-09
8.457410409425100400e-09,-5.544014029014591037e-09
6.293697637609736429e-09,-3.174338080648259532e-09
-1.743970175054890982e-08,-2.609360229049300812e-09
8.946340098433545300e-09,-1.120502987323299465e-09
9.172457615257322870e-09,-1.479067201758527954e-09
9.601218929507868119e-09,-6.145040593346598690e-09
9.902457906034451622e-09,-6.475274725213182199e-09
8.384142170255344358e-09,-1.658432756167498184e-08
6.667433146538261723e-09,-2.469932263913126063e-10
6.326735110667687725e-09,6.723974486544009352e-11
6.917961137003942386e-09,-5.475838330436214926e-10
6.491598585292174258e-09,-7.013539100398290237e-09
8.693530537451954693e-09,-1.483098287859064886e-09
9.025640831820359876e-09,-1.938673214891399289e-09
8.546991295833119926e-09,-1.964374239479464937e-09
8.852237258116834644e-09,-2.406483101704919231e-09
-1.354855108589513153e-08,-1.693204320847569702e-09
3.496553983749665380e-09,-3.779612216545578685e-09
3.658642153382097461e-09,-3.026154415904234409e-09
2.781273493155441631e-09,-3.413385203730525065e-09
3.093547807053129258e-09,-2.463881442701761077e-09
2.237596031874460031e-09,-2.569995357249277075e-09
7.444981375401432502e-09,-1.622951365931459473e-08
3.133224614757579878e-09,-1.380920018188895566e-08
-1.609420101571456512e-08,-1.983041946425351401e-09
-3.545052393263781699e-09,-4.130384011376356715e-10
-3.183349491970701743e-09,-1.833259409137727587e-10
-3.116677660937195172e-09,1.601567196018710041e-10
-2.905691412962598646e-09,-5.612771249285447660e-11
-2.951157060729658609e-09,-3.358953902400838860e-10
-2.700805906797382987e-09,-2.067040809093462438e-10
-2.675234304900986193e-09,1.840140480708869781e-11
-2.522069361364579798e-09,-8.863470119057478890e-11
-2.494955931590438466e-09,7.873368018473423389e-11
-2.366638360428196809e-09,-1.487368013216504186e-11
-2.389433622566323389e-09,-1.636014317562630466e-10
-2.271866478069170993e-09,-1.113268603623422685e-10
-2.286479788506717975e-09,-2.326447535500047271e-10
-2.184541450754616641e-09,-1.767714231752148980e-10
-2.169842942867743255e-09,-7.203484974860216051e-11
-2.094957524511860877e-09,-1.336643340932312309e-10
-2.106606674624753447e-09,-2.276746030471484178e-10
-2.022860717082931940e-09,-1.854083040955805253e-10
-2.012794609534154726e-09,-9.819535724600042115e-11
-2.030387621129966976e-09,-2.746263569076517952e-10
-2.703877369389866248e-09,-4.237974142030184464e-10
-2.348177052571123784e-09,1.324704254015036617e-10
-2.457966834386349038e-09,2.378555295199580725e-10
-2.308348819861301986e-09,2.862459572090191115e-10
-2.431186523290286212e-09,4.054577166264316469e-10
-2.266735995627429747e-09,4.430099121788593555e-10
-2.152946193773213605e-09,3.125635973827438945e-10
-2.111211674521433321e-09,4.786585553497110290e-10
-2.011037110139971227e-09,3.718261222401674650e-10
-1.965762937156708826e-09,5.181042816028126106e-10
-1.870410468720287260e-09,4.110087256796746299e-10
-1.819903136577706086e-09,5.549363101112469529e-10
-1.714247435837740606e-09,4.468123523881071917e-10
-1.945784141178610479e-09,-1.469038580007621133e-10
-1.935447035269646918e-09,-6.500171910992622764e-11
-1.872742677593444394e-09,-1.108203461906242287e-10
-1.861799462469544819e-09,-3.147139837519773418e-11
-1.799853012440284459e-09,-7.645537883671125284e-11
-1.810123957801390133e-09,-1.548756698376274255e-10
-1.787913932902264109e-09,4.209885626338930203e-12
-1.724772050596543697e-09,-4.658570634802583222e-11
-1.711168157329071303e-09,4.221048529541155273e-11
-1.642169866401115791e-09,-1.314487131316248106e-11
-1.627897120323748075e-09,8.346300427334303943e-11
-1.551631709091713826e-09,2.966248074270611187e-11
-1.569198156128111060e-09,-7.289382419735305808e-11
-1.472164355586663243e-09,-2.835707952596368106e-11
-1.452259889903877512e-09,8.156206540926924115e-11
-1.363179107420601255e-09,1.387987844287604020e-11
-1.492529351612939550e-09,-1.331269484336912144e-10
-1.341054386635619616e-09,1.369903913617847952e-10
-1.226263861586715111e-09,4.963124499476780043e-11
-1.224688883038771656e-09,2.285538302487768465e-10
-1.064184827426858403e-09,1.253953173002268375e-10
-1.103656109578886003e-09,-6.382499359661005179e-11
-9.123523582826681262e-10,1.604948739665381231e-11
-1.030682643599820104e-09,3.019296737001273991e-10
-9.466699775155838267e-10,-1.930756437257622392e-10
-7.553579752011341782e-10,-9.156047732034920458e-11
-2.000137090270285137e-09,-1.411350413906988132e-11
-7.298712588822464636e-10,9.171483178872270088e-11
-1.851309512872263267e-09,5.003683526555961261e-11
-5.878825100640371740e-10,-2.455026892101358191e-11
-6.124517297963130224e-10,-1.790576830778221215e-10
-1.192870968944246447e-09,4.189591840169587155e-10
-1.668452216556116162e-09,5.985943808382264394e-10
-1.785379102740380521e-09,7.289497409115218403e-10
-4.719552461823667003e-10,-9.816045141014678773e-11
-4.420902451645742790e-10,2.784899585906021568e-11
-2.386796061662252419e-09,5.682674684374962959e-10
-4.721823593085595033e-10,-2.461139027913996041e-10
-6.280943673188859261e-10,-3.416820768935460750e-10
-3.410952267651797685e-10,-3.117128891683285235e-11
-2.614806420917821582e-09,3.390017057724326437e-10
-2.067703986779852044e-09,6.343022070339073327e-10
-1.589548859029895032e-09,-1.755892879787035766e-10
-1.512625720535227771e-09,-2.380422046477205656e-10
-1.610183609946756937e-09,-2.770200265516209971e-10
-1.533710891775255228e-09,-3.433157389682830640e-10
-1.651724763004956983e-09,-3.799714991622107903e-10
-1.556696701866645335e-09,-4.536484849120294999e-10
-1.663751444594302955e-09,-4.974470668721382646e-10
-1.575109501762549416e-09,-5.728065428488755870e-10
-1.696719967997492910e-09,-6.247936328230902024e-10
-1.585609498530982564e-09,-7.229244108356075370e-10
-1.454283929403959085e-09,-6.557117634747584707e-10
-1.728554594365736403e-09,-7.677709706821025484e-10
-1.847048026880505102e-09,-6.625964798926838640e-10
-1.870247850203928524e-09,-8.137697241073169073e-10
-1.986468585668631048e-09,-7.218433493512683990e-10
-2.016806353278423509e-09,-8.698848448713365768e-10
-2.128042218566517908e-09,-7.678176914471039773e-10
-1.864330252730475215e-09,-1.014736730455495757e-09
-1.618802206433986489e-09,-8.645973219883004968e-10
-1.748161165086777666e-09,-4.425553070714997666e-10
-1.430227193657731277e-09,-3.023359414211346741e-10
-2.172724731876026705e-09,-9.337321480062022155e-10
-2.298269270833723219e-09,-7.864524176322666698e-10
-3.049383200313063001e-10,6.810888049651114076e-11
-4.058318176936973830e-10,1.391046597335104709e-10
-2.088953498471769536e-09,-6.260675820052144976e-10
-2.115177091760753808e-09,-3.218730795989733426e-10
-1.703533961807625458e-09,1.368502917294515410e-10
-1.616922038099263262e-09,1.840695994615127034e-10
-5.005932343970923112e-10,-4.181012194553453449e-10
-6.486528226305404111e-10,-5.216143928156587342e-10
-1.600244364891130575e-09,7.713131596261838579e-10
-2.396647904730084829e-09,-2.979546127261385256e-10
-1.738942269799082352e-09,9.475961983553684286e-10
-2.037968942812309835e-09,-3.656941021535024481e-10
-1.956919244476308384e-09,-3.205812798449043672e-10
-1.963451396932819571e-09,-4.119155275240758583e-10
-9.736665977469560128e-10,5.126255190971306199e-10
-2.350082958624701149e-09,-9.995442097307512441e-10
-2.199926314545586775e-09,-1.131426448685310563e-09
-2.485094477009357290e-09,-8.697703746964511868e-10
-2.040107304032791553e-09,2.396989510291610945e-10
-2.941575655389957519e-10,1.719501633068843774e-10
-3.792845809290323326e-10,2.456391535959271892e-10
-2.073407178592434499e-10,1.181617125003358729e-10
-3.744383036146224510e-10,-3.450496467646209195e-10
-2.429635145645025185e-09,-6.790901745073012759e-10
-1.174984140042754532e-09,6.290380775250134231e-10
-2.113078017901358182e-09,-4.170487447053597808e-10
-1.555469841227179842e-09,4.935684527703103876e-10
-2.936462107648031561e-09,-5.903166470593907602e-10
-5.006356993601791197e-10,2.135948404696492265e-10
-4.702084356094479915e-10,3.391119607365232973e-10
-6.282539291642320206e-10,3.032227628394778340e-10
-5.810112211104500595e-10,4.540421447379723501e-10
-7.882558755524391416e-10,-4.379347794983271078e-10
-8.182129469645276901e-10,-6.433756308695109373e-10
-9.912872583064064169e-10,-5.182638013433943564e-10
-1.013806975971987579e-09,-7.749749307582167065e-10
-5.045590203600847909e-10,-6.057379833318133172e-10
-1.168814282310767980e-09,-2.601672594774833323e-10
-2.279923389164594034e-09,-3.663163657118315913e-10
-1.884753887939593069e-09,-3.636786321234034211e-10
-1.890224875911505489e-09,-4.529343518964656140e-10
-1.677399469225540296e-09,-2.209273649128163823e-10
-1.697423150294777897e-09,2.408788469784988483e-10
-1.779889853404691631e-09,1.775063548357713403e-10
-2.553826035701768324e-09,-1.086961122513383704e-09
-2.700415975298399229e-09,-9.079697997693268898e-10
-1.879774180345571267e-09,-2.761216826410421243e-10
-1.439447785561250508e-09,2.175114355205553205e-10
-8.199304602013484402e-10,-8.748015472259821899e-10
-1.026149801002185515e-09,-1.028344107422312576e-09
-2.397747214541440039e-09,-4.298822952966691599e-10
-2.289006328112346676e-09,-4.947441882450295636e-10
-2.813751999775564749e-09,2.214592196479807460e-10
-1.251661274807879021e-09,-8.993711276082871186e-10
-1.813426162690825014e-09,-3.146852163305169245e-10
-1.924828275064713368e-09,2.766377956486872769e-10
-1.967428346874931487e-09,1.657093513320286523e-10
-2.057393339580810566e-09,1.334191275785647165e-10
-2.666754199889893175e-10,2.654379654803974948e-10
-3.005652687347010966e-09,4.359043640592598659e-10
-1.248379699456544501e-09,-1.172027504705386272e-09
-9.577126747904871648e-10,7.363980557631337558e-10
-1.194054993192460897e-09,8.715509169449376730e-10
-1.505492129860075695e-09,9.797778695902183694e-10
-1.603215570805881007e-09,2.941776919526220392e-10
1.533360151512935481e-09,1.863673214099230079e-09
2.116295496132684586e-09,1.974188471791742061e-09
2.450077158444198219e-09,1.444517134081185817e-09
2.810570325635013161e-09,2.042587833892063997e-09
2.383642851132029269e-09,2.702600341599843011e-09
3.254838379195163730e-09,2.807438130577856919e-09
7.413726498393662317e-09,-1.642706947277031879e-08
7.560331512352527299e-09,-1.654314267578270811e-08
7.378361330360299688e-09,-1.662789019747618904e-08
6.198328963313304987e-09,8.380889807138521677e-10
-3.627102830182983941e-10,-1.450825821065016064e-10
-2.600273879480629292e-10,-8.546762489269947081e-11
-5.231782756646973128e-09,-6.852768635523310359e-09
6.321743103388079144e-09,-1.160591586565478962e-09
-5.418859149157129775e-08,-8.204189685958664817e-09
-5.472842072947803585e-08,-8.760445859464295544e-09
-5.358449076809272833e-08,-8.739907693653237914e-09
-5.284473842926467437e-08,-8.580777428684991838e-09
-5.549869882777768728e-08,-1.765762213185660673e-08
8.229389359864391489e-09,-1.577994223225732524e-08
8.059485524474372289e-09,-1.561968484183962159e-08
-8.774851354246232997e-09,-3.665451831319203437e-09
-8.841173966804448356e-09,-4.427660485144720604e-09
-8.355442827432743473e-09,-4.999926869327531564e-09
-5.421437186115714298e-08,-1.556480379890424814e-08
-5.509405233193897738e-08,-1.599673862932505848e-08
5.765201544412146377e-09,-1.320855454019378258e-10
8.027296134175919691e-09,-1.439878823698226158e-08
6.935489795925479883e-09,-1.652313514238919161e-08
6.716753511939221254e-09,-1.641351917105523268e-08
-2.760160402252355767e-10,-1.840262536783082247e-10
-1.897673798185043928e-10,-1.223876339941610559e-10
-1.677704088705244718e-10,-3.587976200132398146e-11
-2.019032673306798489e-10,-2.294226278419491652e-10
8.060550041940656724e-09,-1.761009516324474640e-08
-2.215652944618487017e-09,1.868286082168774641e-10
-6.604209273523381756e-09,-5.840319716688409244e-09
9.905567368601152610e-09,-6.029566233114960822e-10
8.608865602821489611e-09,-1.472049491817551492e-08
1.142996736486810411e-08,-5.995760021284087544e-09
7.758014391437613938e-09,-9.072511578119419498e-09
8.032816098614412065e-09,-9.411752785907167520e-09
7.600062278165810267e-09,-9.487855116371397011e-09
8.515805445843390931e-09,-9.382415486130589219e-09
8.323724596558644613e-09,-9.737018857434155053e-09
8.006267473364661782e-09,-1.753299575425830928e-08
7.408958742272416305e-09,9.730845122238934243e-10
7.908024676933684811e-09,9.363911512407161845e-10
-2.513445935239743853e-09,-3.659633858601007252e-10
8.516061421099835239e-09,-1.304592480980892344e-08
7.045916948958354475e-09,-1.440519482577477485e-09
-1.961145661678939343e-09,8.423811984149831978e-10
-1.925200813471416903e-09,1.063972610549386110e-09
-2.147113551577190999e-09,9.933713425106520052e-10
8.356948643496788079e-09,-1.508735290745363817e-08
8.107061605665129248e-09,-1.493915200804984820e-08
8.104587039088071918e-09,-1.521312663390560652e-08
9.049751937388908091e-09,-8.313023652111763802e-09
5.443868933782566795e-09,-3.154482784432044089e-09
8.697544430397845151e-09,-8.318042867620267259e-09
-1.976336319183717044e-09,-5.034010681765950578e-10
-9.481650754176767915e-09,-2.119293028032551413e-09
8.146069499725342557e-09,-1.752799422845458425e-08
8.149848322109617755e-09,-1.733208847592748845e-08
8.035481960270725556e-09,-1.758489478065778876e-08
8.883772379397272443e-09,9.002615516881092937e-10
2.786778342156134170e-09,-5.250410773371550732e-09
-1.253267335577674458e-08,-2.326077674746229651e-09
9.441692822856792781e-09,-5.268940281573325868e-09
5.913340884554608203e-09,-7.158294398582588649e-09
6.365464603727737900e-10,-1.031989417828374171e-10
4.692499478790303194e-10,-3.734164058685345256e-10
-5.429639583959532511e-08,-1.179514067407630610e-08
-5.448900650402143732e-08,-1.233292262030837473e-08
-5.501515824239527032e-08,-1.243220100209397758e-08
-5.465943130121295130e-08,-1.288719518163175061e-08
-5.529328744930919568e-08,-1.303531606140067594e-08
-5.482536489552164592e-08,-1.352332601339407021e-08
-4.939655097445632654e-08,-8.072002539716183976e-09
-4.828818619999266636e-08,-9.147126334268810327e-09
-2.244222110101453724e-09,-3.478661725814042889e-12
6.139166062470374313e-09,-1.619164421281927066e-08
-1.687162381027190659e-09,-2.981610021513601752e-10
7.744061520276060759e-09,-1.676716295707694904e-08
7.924856047702022210e-09,-1.689469399005794596e-08
7.947560160286016406e-09,-1.706207806829374453e-08
8.067016130990323843e-09,-1.697433157447198552e-08
8.060810971818457295e-09,-1.681838089429104701e-08
8.084148887574158296e-09,-1.711926937407108648e-08
8.188411403069542232e-09,-1.688948155253648354e-08
8.189999374181706879e-09,-1.673652817428206610e-08
8.057359820591405190e-09,-1.665496034067265749e-08
8.198713272176758455e-09,-1.657132577747785178e-08
8.056725451712334952e-09,-1.648234072814348961e-08
8.218313172332302514e-09,-1.638477176918858183e-08
8.344681344439289696e-09,-1.647634425482434181e-08
8.049832560105158989e-09,-1.628415660660620093e-08
8.239815766139213241e-09,-1.616960178658301200e-08
8.308050375755328172e-09,-1.679798683673829553e-08
8.300959078562264020e-09,-1.694631626171099885e-08
7.987312356744222036e-09,-1.719757939519369796e-08
8.101903443721805211e-09,-1.724697514068428867e-08
8.197209610073853359e-09,-1.716504020520602803e-08
8.200885319634830815e-09,-1.728557072028590030e-08
8.114249238314629533e-09,-1.736228045277057971e-08
8.015422419225119994e-09,-1.604382396496495516e-08
8.247840915557397277e-09,-1.592570960196665156e-08
8.006315071538396166e-09,-1.574395860966461145e-08
7.686339916860765830e-09,-1.551185825296424690e-08
8.019236752129329065e-09,-1.543840119484383369e-08
-5.536499432498335221e-08,-1.060436027059122376e-08
-5.516356677114126097e-08,-1.005216686539786688e-08
5.947973570007531962e-10,5.000307705750940084e-10
-1.183450226038931562e-09,-6.500138398543004648e-10
8.085697844687487981e-09,-1.762969423161221407e-08
7.833924745768300362e-09,-1.618119503417213182e-08
-2.379772425425415464e-10,1.218033570552573019e-12
-1.520468529404217156e-10,2.598027390436443448e-11
-4.484258278126104308e-08,-8.368241292644013553e-09
5.238119744607033481e-09,-1.552378146975882149e-08
5.295839156869393282e-09,-1.492219499361999779e-08
8.420753855580815424e-09,-1.614555001664442896e-08
7.549102402827362744e-09,-1.093495987589090827e-08
8.093690373972209593e-09,-1.052569088552424514e-08
8.257408276299467441e-09,-1.127269773254224219e-08
3.975375141153949048e-09,-1.467513830168575121e-08
-1.196903682540900615e-08,-9.977952276957542526e-10
-1.151854740106102136e-08,-1.337259249374671475e-09
7.252000128741884489e-09,5.864505636535609048e-10
-2.526254171503379053e-09,-5.410882920058523662e-10
-2.716797054354138390e-09,-6.670442352840757942e-10
-7.946867604552159104e-10,4.008251313797701617e-10
-7.088930345060838338e-10,5.969281703174442512e-10
-2.151365491137987685e-09,2.415883994753330344e-11
6.109089081306244002e-09,-1.504869946994584807e-08
-1.671173070348672299e-09,-1.198835413285738713e-10
4.391803239663826387e-09,-6.658797883606977172e-09
-1.942510146207950078e-08,-3.175714566514764523e-09
1.308702593869985669e-08,5.088930264147810372e-09
-1.164451607301958756e-08,-4.339511190215936499e-09
-1.160052387822078402e-08,-3.775185861162998811e-09
-1.118739304703104851e-08,-4.050303159494382105e-09
-1.195511945165037194e-08,-3.449798876242950821e-09
-9.584907700001697201e-09,-6.692803045736856942e-10
-7.457588583860261846e-10,8.538796805202133429e-10
-5.296907033877758674e-10,7.420998098334144407e-10
-5.546003174315453549e-08,-8.867558734030422502e-09
1.333841066500389108e-08,1.894244172497690504e-09
1.253568894709608965e-08,1.139038441507199080e-09
4.564053007262570398e-09,-2.894933421061120923e-09
7.861763325595191789e-09,-1.512676287389714705e-08
7.909494542712530070e-09,-1.532238404131244362e-08
-1.252737966436162199e-08,-3.698375017661106231e-09
-1.239503903973673788e-08,-3.131985902696612098e-09
-8.869376574846746983e-09,-5.910704292299442319e-09
-1.989222445194615401e-10,1.950385391027191036e-10
-1.316462254907987413e-10,1.376417415345700907e-10
1.866742383847587979e-09,-1.279624130981057554e-08
-1.051223172683160115e-08,-4.919791689681826949e-09
-1.630154666620597521e-10,2.781051518024691948e-10
5.508442562835251593e-09,-1.429024452627039046e-08
-1.115783896952626060e-08,-3.563948826272968428e-09
9.628514922999166932e-09,-1.473055638833268874e-09
7.709241533558031519e-09,-1.412515820750089189e-08
8.650104649894742068e-09,-3.301984567833587604e-09
-3.314387694295468701e-09,4.485510504145179797e-10
-3.968629465439584219e-09,-8.032091870963612865e-09
8.444981660273280913e-09,-1.607192344699133517e-08
9.018560634944529644e-09,-9.437926520894828379e-09
-5.594097819572100870e-08,-1.283186280516641258e-08
-6.786056562941802515e-09,-1.612953436355012417e-09
-9.756806843092668223e-11,-5.460417238337426638e-11
1.008577388190350753e-08,-2.652136105168528768e-09
1.084562356284478307e-08,-2.862565510386573374e-09
8.647164057855803551e-09,-1.527765522757866368e-08
6.983257664124346165e-09,-1.521671380031307591e-08
-5.327319051938501355e-09,-9.670413337810131451e-10
-1.027102792401646489e-08,-3.268619786452971287e-09
-1.076192998862523578e-08,-3.353546204340842326e-09
8.608517823725053385e-09,-1.643284126315872846e-08
-5.029318585748282102e-08,-8.996381883722045999e-09
-5.139999146892821690e-08,-9.014416263765721403e-09
-5.096141460123213383e-08,-9.844588280069249501e-09
8.421050087183245885e-09,-1.685016247630925859e-08
8.401910709773897677e-09,-1.698653269871170931e-08
7.173060883155820423e-09,-8.572539622111789017e-09
7.187051367101303963e-09,-8.113382270877083940e-09
6.810188627652480788e-09,-7.907752087110635910e-09
7.134489234979216512e-09,-7.717630145403476864e-09
6.759966345453475226e-09,-7.450581123180188671e-09
-1.785621467851607031e-09,2.970911283657739776e-10
-6.558586411704799934e-09,-6.362680234187555513e-10
-1.283622876205741314e-09,-1.147249932217841432e-10
2.991417887101829110e-09,5.640765783695111513e-10
3.207803399659529022e-09,1.301945579276396456e-09
8.233423601602792509e-09,-1.749749393550978974e-08
8.146458514628539773e-09,-1.753803891944848075e-08
1.991325193470402207e-09,-1.126425096610709431e-09
1.596265945201144620e-09,-1.534741194290135999e-09
1.128896626807744353e-09,-1.337002921063293544e-09
1.106827459688140139e-09,-1.896309954675263311e-09
-1.293225366064007407e-08,-1.620177023156819048e-09
1.180796906631880092e-08,-5.185778219644372086e-09
1.257056720842892400e-08,-4.899088919324892854e-09
-2.199519627462030875e-09,-6.643597455757097143e-10
-1.953050416143967502e-09,-2.321250534004645377e-10
6.928523138684963880e-09,-6.776546407679644299e-09
-3.700653405769627873e-10,-4.977097392061320296e-10
-2.609025127668952771e-10,-4.142501828451529783e-10
-3.478029855194039106e-10,-6.890024872258433583e-10
-5.583664242133625450e-08,-1.153102029634093249e-08
2.130620970800185790e-09,-1.761039898420814520e-09
8.188881537928021123e-09,-1.703397807985299395e-08
6.441225846092033604e-09,-1.477232422335198927e-08
-4.086346749622758652e-10,4.888469436762898117e-10
2.024904751830939648e-09,-3.347969292801776034e-09
-5.229133445295997625e-08,-1.095085732106653072e-08
-5.212659833371361546e-08,-1.025977205281693034e-08
8.376367748297173231e-09,-1.725824337254541845e-08
-4.636014132018928665e-09,-6.822065864386737271e-10
2.697484195568001609e-09,3.567213335011545164e-09
3.682755183937166140e-09,3.696321317567191920e-09
4.208645297274315071e-09,2.870539890675145665e-09
4.808451383965767129e-09,3.769758417535902999e-09
-5.583366962730218414e-08,-1.014055851938932813e-08
1.061629534053834544e-08,-7.479663845314022848e-09
8.581714707276612290e-09,-1.660127430465129017e-08
8.437953954099121879e-09,-1.670535324509039584e-08
-4.281403569642276998e-08,-7.682620398080159925e-09
-1.488718284719458299e-09,-1.045323468086714094e-09
-1.494694845840230740e-09,-1.302873394622012784e-09
-1.703914424327758098e-09,-1.187743502373029549e-09
-1.768619603341636293e-09,-1.479460488070298564e-09
-1.980474959654283643e-09,-1.240963097328838152e-09
7.207073494617935169e-09,-1.559113785568463552e-08
7.839538784155277229e-09,-1.714897885993219347e-08
-1.788207958503595305e-09,-5.457046215962260326e-10
-5.312244664949242387e-08,-9.400665012493051091e-09
-5.228023272413218243e-08,-9.115379190952746134e-09
7.748864334359683246e-09,-1.454882620839569227e-08
7.932398371929773910e-09,-1.470738423751213850e-08
8.422904502769006670e-09,-1.210283214713131564e-08
8.617170532482385164e-09,-7.677695706460376478e-09
6.082164733125842116e-09,-4.877880458264063562e-09
-9.469151402244658612e-11,2.353684762710951298e-12
-3.213619525240552153e-09,-5.264297033965008078e-10
8.187782111582128629e-09,6.820730847342016341e-10
-2.780209733732811431e-09,-1.209078889980781021e-09
-5.369749472443370914e-08,-1.371812106464124129e-08
-5.432569848329331841e-08,-1.399891381301011088e-08
-5.198890751295799456e-08,-8.257624665474010334e-09
6.018602053311716959e-10,-7.627012306270004868e-10
1.000960657027633039e-09,-8.782552136590810936e-10
-8.121399868145423985e-09,-6.475544381268323711e-10
7.280519027303934683e-09,-1.043944186299980037e-09
3.286835988122939749e-09,-1.277409612028959020e-09
8.235197701913426694e-09,-1.636314980057297316e-09
-1.673403722331290909e-08,-3.725433884280342801e-09
-1.276512901331726896e-08,-2.781748184592284656e-09
-4.015347417163864320e-09,-5.173595308459787420e-10
-4.685805905509121221e-08,-9.047684710808950812e-09
-5.408279923226554047e-08,-1.128022995044975177e-08
7.681340533621239507e-09,-1.501170742646077166e-08
3.918733660140983361e-09,-2.272660456014623822e-09
4.528702700224580278e-10,2.013924690668923504e-10
3.777200305680238345e-09,6.761516434001482960e-10
-5.361504975710152669e-08,-1.251798092484438511e-08
5.905066343173209991e-09,2.660792995805657863e-09
6.377199801102343691e-09,3.294682556649932860e-09
7.104942312313107418e-09,3.126125602688371817e-09
6.925609844857322992e-09,3.943335299552982811e-09
7.824936152809172446e-09,3.669700813707679046e-09
7.543916224339244588e-09,4.683714181488913687e-09
8.522009059516534823e-09,4.513861201331756167e-09
8.836329068438524562e-09,3.521983733562354370e-09
5.862700878606843616e-09,4.112785664956757732e-09
8.179520978703100865e-09,2.960510485294669998e-09
1.190974488009994543e-08,-4.233880021959059356e-09
1.294589689439176092e-08,-3.817910514672941079e-09
1.188625332289591205e-08,-3.122509545867368505e-09
1.315854471856394401e-08,-2.640561416939983408e-09
-9.823005200407834470e-09,-4.706633345581183117e-09
7.972601532441102162e-09,-1.725806206680424579e-08
7.159113749217849921e-09,-1.660752127364264102e-08
7.477446109180653928e-09,-1.603018741906423552e-08
8.486307613977378173e-09,-8.001814297357693774e-09
-5.431340798865477690e-08,-1.476594171983246180e-08
-5.503712899856634034e-08,-1.428754638059064496e-08
1.012221370998031943e-08,-7.728978849863276936e-09
1.017714588284876165e-08,-7.203956795127503998e-09
1.059047818474083490e-08,-6.905651025735151752e-09
8.407332033305248195e-09,-8.515234862353936105e-10
6.552127280483414357e-09,5.088945677627580736e-10
8.410004679427709174e-09,-1.627779453411919278e-08
-5.504261375665555103e-10,-1.166371380740431825e-09
-2.082250460360040601e-09,-4.220085069373255939e-11
7.651843979888500876e-09,-1.560183662786732163e-08
-1.877787126774417701e-09,-1.929417135653299544e-10
-2.138234616015519992e-08,-3.639828781863223685e-09
7.925382892813589957e-09,-1.673240262371989690e-08
8.414763739058122232e-09,4.436982005182748319e-11
9.407331636551001249e-09,-2.414610217347821087e-09
-1.812865050716356237e-09,-2.304984923770783610e-10
-6.524730878652915961e-09,-7.356822398595319702e-09
7.018680619311725630e-09,-1.565975268589765402e-08
9.656041025093568188e-09,3.060082591511532158e-09
-5.421293932922267569e-08,-1.333201969643090048e-08
-1.249779984531751238e-10,-4.905917221805232325e-10
-1.130931988835639720e-08,-2.041091177081603312e-09
7.390022699805820507e-10,-2.379363057352580661e-09
7.113677192074327315e-10,2.124948978759129606e-09
1.433947239515656495e-08,2.797748128699485470e-09
-1.087269815959092896e-08,-7.371463590793406379e-10
8.295626185678256346e-09,-1.707899858021477925e-08
8.305410561847428259e-09,-1.719048605340324338e-08
7.652791176627965851e-09,-1.533438709259342100e-08
7.732297358622794420e-09,-7.509626229170735106e-09
-1.091925994176030603e-08,-2.984087577858951091e-09
4.166233162799675821e-10,1.235838780989863349e-09
7.112364884110290510e-10,1.016428517326281563e-09
4.175585466352265573e-10,-1.459320656661583550e-09
7.116724800146375490e-10,-1.182529528509972912e-09
-1.956213068958966095e-10,5.223737445031234224e-10
-1.378112604589808614e-09,5.180680950167449723e-10
-1.384317629847831877e-09,7.282455907763804973e-10
-1.018309529651900217e-09,-1.552220443738565964e-09
-1.073724541408731689e-08,-4.257644238282853347e-09
6.445982837222266231e-09,-4.094214128530517842e-09
-6.476252850550398250e-11,-2.460419309368072989e-10
-7.388865426643390053e-09,-4.756221702524307143e-09
1.681227388091818558e-09,3.270689883612028371e-09
-2.195237236284228660e-09,-2.829414598960469687e-10
7.213545149066763126e-09,-1.536045726611314836e-08
1.185068491953300015e-08,-6.710921932671794142e-09
-5.538414881508366091e-08,-1.200895249724479202e-08
8.504780131457817766e-09,6.153778164527947687e-10
-1.025756301033788618e-08,-2.129682118488100747e-09
8.855371187036397074e-09,-8.710180870670130605e-09
8.201487163917521322e-09,-1.738662902365769272e-08
-5.580829215734031357e-08,-1.427661635903164301e-08
7.624535120949298107e-09,-3.667372099981582793e-10
-5.769160288222038072e-11,9.057901747396890125e-11
-6.836093540301988202e-11,1.594473196470883612e-10
6.339735847266543191e-10,-1.159777247103646537e-08
8.284843977484010691e-09,-6.783318992952166609e-09
-2.548243299239062595e-09,-9.297912650104737007e-09
-1.424051720722987608e-08,-1.725683206934215130e-09
-1.885112144564253928e-09,-5.469751438096721994e-10
2.837873003145759875e-10,4.646467297510797488e-10
-1.923915673317436855e-09,1.791933081147957639e-11
-1.987172473395062235e-09,7.413934865266975043e-11
6.625862291153528361e-09,-1.527414477800455100e-08
-1.507518560570914162e-08,-1.724316892039134729e-09
8.171497446711392693e-09,-1.667424223724837186e-08
-5.001209007001901938e-10,-8.002808240933385033e-10
3.988572763578021336e-09,-1.319007735632994173e-08
-1.058373332015940982e-09,1.290079058332809933e-09
-1.225665476762527180e-08,-1.454590782927793990e-09
-5.458263861251421736e-08,-9.910565523662201883e-09
-5.494684755655497207e-08,-9.414425534969578976e-09
-1.164318157226715572e-08,-3.121632239088211378e-09
9.771107734846405921e-09,-7.466606253168604021e-09
7.893665252491937258e-09,-1.599850663289249104e-08
-8.071907103948580983e-09,-2.227690560638488100e-09
-2.743711635715287967e-10,4.330472100749556935e-10
-1.107612079893628197e-08,-1.223058793041571133e-09
8.016065230064572261e-09,-1.731821340831894069e-08
8.026451860397433134e-09,-1.745141080373148171e-08
-2.305015901851440939e-10,-8.012425475304823722e-10
7.237460548703954511e-09,-7.018220737679157616e-09
6.846055496896550739e-09,-1.015487952440597786e-09
-5.437080702853550003e-08,-9.317227008064398411e-09
8.459877289556695789e-09,-1.573025819933219938e-08
2.686579494470533855e-10,-6.402113447315277783e-10
8.735090979509107697e-09,-7.746878663728146301e-10
7.314302130620738705e-09,-1.611409018569184024e-08
-1.225885266929268015e-08,-2.643878748484123067e-09
4.067585127712364219e-09,5.597737532611799732e-09
2.102625521840367784e-09,9.714084089046521980e-10
9.349370150354459706e-09,-6.615965593692850192e-11
1.696230451253495007e-09,2.655563731783340964e-10
-5.410870208438524969e-08,-1.273037825412848439e-08
-4.042261821016766913e-08,-7.187022989276397439e-09
-1.444000479997331066e-08,-3.608293375242955350e-09
-8.253029827686128762e-10,2.029338695343810303e-10
7.278959722721245804e-09,-1.680236907320599608e-08
7.546770352836471901e-09,-8.718649310461537731e-09
8.531421407928381337e-09,-8.922735134759318651e-09
-1.777481429376053847e-09,8.425840293939087772e-11
-1.175281981691378415e-09,-4.467458350538495498e-10
6.729646946134512701e-09,-1.621583439482893788e-08
-1.752063539965306285e-09,-1.173282393941499026e-10
6.504796440034974001e-09,-6.625887097458860072e-10
9.213931446388833325e-09,-6.913625024619438091e-09
1.149472191331087831e-08,1.397348946684044697e-09
-8.888474675018004679e-09,-5.613608545562181150e-10
6.426677220363705115e-09,-1.637899153187024617e-08
6.440582061772998962e-09,-5.416394314707829921e-09
-9.587438451280672100e-10,-1.046889898866094385e-08
7.880579106507164579e-09,-1.582168995763956941e-08
-1.629096397099561057e-09,-1.779633717294165877e-09
-1.937753748794401017e-09,-1.760717226107105604e-09
-3.569546310969847768e-08,-6.233891015686554470e-09
-3.323716509627063284e-08,-5.792928638513194044e-09
7.772954519070230379e-09,-1.555196059187490254e-08
-3.080813794062296192e-08,-5.356312648213198578e-09
-2.841093446679518290e-08,-4.924852046225210326e-09
-1.325368720938035750e-08,-1.101503288047110890e-09
-2.604964844911305354e-08,-4.499265943657730654e-09
-2.371772327672100393e-08,-4.079806179747415995e-09
-3.113255693258284794e-09,-8.124352494155426903e-10
-3.793450948287893233e-08,-6.732259471967412681e-09
7.706322696897262015e-09,-1.275278814378722302e-08
-1.325978248094935702e-09,-5.661814948462356482e-10
-2.189149028758158766e-09,-5.554489959991441725e-10
7.910980219518161152e-09,-1.657808028271876638e-08
4.098102107480233147e-09,-1.431379652386058690e-09
-1.350490681319730981e-09,3.442127411904690816e-10
-1.026988721559172664e-08,-1.101316815686245224e-09
8.109845686262243886e-09,-2.099785187415435838e-09
7.852356899883333834e-09,-6.185156706813890322e-09
7.717192701823507186e-09,-1.647131721014614537e-08
-2.036400805660813795e-09,-4.455156862296673506e-10
8.656420001147606989e-09,-1.595721464427745035e-08
-5.446306189601863877e-10,9.610073325860522516e-10
6.417843673371608287e-09,6.771213113408775557e-09
8.247296883951944716e-09,-1.554581675137607718e-08
4.763395922876921280e-09,-1.447982141285923625e-08
1.420820019652252595e-08,-4.047794051486867684e-09
1.386785743006278223e-08,-1.516651979398283035e-09
8.077946805796459064e-09,-1.542249175455752808e-08
-9.185958235318900134e-09,-4.998038368581423938e-09
8.366238854158322445e-09,-8.332796843111195025e-09
-1.689667199304054233e-09,1.545580489985156309e-09
9.412784882843177821e-09,9.385656484077725038e-10
-9.696603503433413387e-09,-1.722308555959423523e-09
7.780684884613367721e-09,-1.682447072159783647e-08
8.519098495936819364e-09,-1.689539599663597945e-08
-2.547307252828387682e-09,-1.657029513711484863e-09
-2.341389993911783516e-09,-1.464692669433359090e-09
1.334575301697340400e-09,-3.586513887611459748e-09
8.323009710659890713e-09,-1.664430379303648349e-08
8.810688989681122443e-09,2.711285628449686334e-09
-5.272580444492055499e-08,-1.053801928137913970e-08
-1.982263296474939167e-09,1.504564464380232610e-09
-1.701611258381375985e-09,1.232858711184533662e-09
7.644051295608893816e-09,-1.630147881156630631e-08
7.239090521904799989e-09,2.435550031042988167e-09
6.876061083413516087e-09,-2.876525118978439768e-09
-1.536976862710885803e-09,1.374482854522821315e-10
1.272942218211026209e-08,-1.619091963950400246e-09
1.319845734110166693e-08,-6.246119988655089619e-10
1.428775344082939624e-08,-4.761053459982434945e-10
1.368510129934802020e-08,5.812005534811579564e-10
1.516248234640713550e-08,-1.438913744569205352e-09
-1.159852843042771017e-08,-1.740333052760029631e-09
6.622597981336809441e-09,5.354685771159786028e-09
-1.413433722094914854e-10,7.684912154019145072e-11
6.319633185512246944e-09,-1.592949281853138168e-08
8.308951470689387282e-09,2.297919592782271926e-09
8.387624798288157904e-09,-1.441753657898263764e-08
-1.415942233602829806e-09,-1.981932128262194890e-10
-1.327285567770901886e-09,-2.528105669097789468e-10
-1.334876950209723068e-09,-3.939358459653658233e-10
-5.547166819047657577e-08,-1.109549800555256668e-08
-2.070326246692720430e-09,4.804482133404239596e-11
9.773045111155932181e-09,-1.042082875491533953e-09
1.179445188575067878e-08,5.434895239597178977e-09
9.162165425505564313e-09,6.634628815839892792e-09
9.383941659218618841e-09,5.369821242608761093e-09
-9.554087069193807457e-09,-1.203731225033055085e-09
8.167169452587247109e-09,-1.643432845835463314e-08
-3.055833673092368186e-09,-1.325618219844457940e-09
1.692616522957382138e-09,2.467704298626537931e-09
-2.881832574365410785e-11,-2.292432985474823991e-11
1.053544572598314875e-08,4.983183441995342209e-09
4.401117788495540938e-09,-5.840598454385037658e-09
5.628253680905922554e-09,-7.579326135229166640e-09
1.234123917723161751e-09,-2.439309169960639180e-09
-1.458432657623011267e-09,-5.229026167360576044e-10
1.019557214651614940e-08,-9.612334899635360533e-10
-1.401826559184586742e-09,-9.115660368203492882e-11
7.159907000063867665e-09,-7.350482350855512748e-09
9.282442176110519670e-09,-5.739998110516899878e-09
-2.630382105489288435e-09,1.312849992030350824e-09
-1.279903978809370539e-09,1.131177860471858559e-09
7.521469381487961654e-09,-8.117955095673354925e-09
-3.413526514089001780e-09,-8.344098807563867727e-10
-2.886025445695671392e-09,1.113844220854763088e-09
-2.605971488286798592e-09,9.825396986331743122e-10
-2.815288569662552645e-09,7.204215613636828244e-10
-2.564347895152193345e-09,7.453173236843331935e-10
5.891696263268874389e-09,3.992661407748083209e-10
7.988596376566730934e-09,-9.920295916336313029e-09
1.039842575815475379e-09,1.749381840149874517e-09
7.277510192221967026e-09,-4.341104911179028799e-10
-1.907507789690340017e-09,1.022821716305199090e-10
-1.878184085213782886e-09,1.825061256896415479e-10
5.022631126917491515e-09,-6.460774994587127101e-09
-1.493648309103664220e-09,3.555049659923302239e-10
8.750689832274983226e-09,2.172804579438723539e-09
3.682615584613466695e-09,2.101345452361770825e-09
7.902644757779444840e-09,-1.565733682108413634e-08
9.437014688030731396e-09,-1.822478932995501296e-09
8.775952645662532143e-09,-1.082571005850511723e-08
-3.612893431372598071e-11,-1.049241655187645401e-14
7.555234307768606415e-09,-1.673906788210602070e-08
-5.321736853144603714e-10,1.001421448596140666e-10
5.553463553862352640e-09,-6.714289546635048546e-09
7.050882133847887596e-09,-1.545266434753360302e-08
-1.462780819547305476e-09,-4.031523942254774643e-10
-1.979606216885150969e-09,-6.016804650132287251e-10
5.109563932444370217e-09,2.768698066904285706e-09
8.479294160162429642e-09,-1.702276853991745363e-08
1.251120914452417684e-08,5.129234751380331093e-11
-4.627944640591570826e-08,-7.477976781516270439e-09
7.914503971416562951e-09,-1.549564796058276482e-08
-2.214894076127682969e-09,6.139556188269090477e-10
-2.334942447472503067e-09,7.961302374229275429e-10
7.751615807059204494e-09,-1.430353932100401888e-08
8.124042812586569690e-09,-1.747287588415602258e-08
1.086649582099140910e-08,1.147610846015436653e-09
4.987523911824894439e-09,4.905279736318056885e-09
-1.306213080815988239e-10,-1.601352462990927264e-10
-7.887341312885461600e-09,-1.641697661721112163e-09
-7.419226228509125841e-09,-1.316488519631129450e-09
-1.817935137736151515e-09,-4.012343760751150949e-10
8.106960007655265291e-09,-1.760464985160061718e-08
-2.878651524451796648e-09,-7.982824752923497418e-10
4.622355464175346954e-09,2.101277704493803948e-09
-2.591402208345777417e-09,5.429120093790492655e-10
-2.771726955636738493e-09,4.522677112704886381e-10
-5.897319454775510432e-09,-6.402357429902092145e-10
-2.505610330057045287e-09,-2.337173456289074948e-10
-7.680990379277988786e-09,-5.631745760535717164e-09
8.129084623168913747e-09,-1.689897845505294384e-08
7.164348012131656437e-09,-9.596759638258389735e-09
5.691356688419147855e-09,-1.524120319361303331e-08
1.135537205117373628e-08,-2.267048052842464047e-09
-1.748371429354544963e-09,-8.962538149805767837e-10
1.672117521058900503e-09,-2.139781456772262376e-09
8.402529979546718518e-09,-6.432012394722145090e-09
8.090621363751001225e-09,-5.851848175630676464e-09
1.005554312645005874e-08,-6.013879868544304768e-09
-5.551624804226375968e-08,-1.250130228754147809e-08
7.878055724203202837e-09,-1.349413731592366092e-08
2.088800340570620597e-10,-2.856029273954059467e-10
-1.919889408863075541e-09,6.557120695974901102e-10
-1.679325670139762479e-09,3.341907424141696301e-10
-5.588684118527726880e-08,-7.992281477263354429e-09
-5.177186736517002776e-08,-9.697966998998851349e-09
8.168545242326526719e-09,5.541199219897425565e-09
8.669982148346388553e-10,1.361094447378893637e-09
-1.437306601045501105e-09,-8.502702958844965489e-10
-6.531189661342717827e-10,-7.357359463371099716e-10
-2.568336442545083688e-10,-5.486303929749456400e-10
1.002077763782579757e-08,-1.882422300631397258e-10
-7.704519857417335934e-10,-2.616317171223086651e-10
9.742851063221882841e-09,2.248246669583048673e-09
-5.072185340768008620e-08,-1.061754938138670557e-08
-2.611018054144417796e-09,1.792511589163288247e-10
-8.608250462033965479e-09,-1.006417884476180963e-09
-2.580413742190101187e-09,-1.345593165429677148e-09
-1.010919526788871870e-09,-1.277762950906749235e-09
7.129762295268951556e-09,-4.348774048724181145e-09
1.132659997544491289e-08,1.373660893400826659e-10
1.181978346849083239e-08,5.364218446853742474e-10
3.626904058771557225e-09,-5.174124624206563540e-09
-1.744208705905416842e-09,-1.831549295924461717e-10
-2.179244078718625671e-09,-3.689533928632423233e-10
8.517035735974552260e-09,3.197766003011807601e-10
6.758247070803131867e-09,-1.663832121574474402e-08
7.289477477429223864e-09,-1.631976438858743630e-08
-5.400736289619672282e-08,-1.220135426527363934e-08
2.064254729775815814e-09,4.130895295987120640e-09
-2.954010223412409918e-09,-1.021138088035088520e-09
-3.450985176806463614e-10,3.440951332022126059e-10
-2.140528302329198460e-09,7.979693274375119213e-10
2.059636830082036336e-10,1.880970923303995147e-10
7.771565297781364726e-09,-1.540724083582312860e-08
-5.354130640455169155e-08,-9.786317748396641365e-09
5.613395799016512834e-09,3.350881261169092556e-09
9.701392667833824328e-09,-5.714766901062842249e-09
6.254903532246952370e-09,-3.354745874310978660e-10
8.460896718523262867e-09,-1.654815740036345743e-08
-2.075336115906972267e-09,-1.503835405268530695e-09
7.841596996412079449e-10,-1.553699071831198703e-09
8.338552668658789109e-09,-1.557886679024367331e-08
7.866835080788294130e-09,-1.639849315887552873e-08
-2.046918489600599041e-09,-1.038154143986639370e-09
-2.218180288946398273e-09,8.649617491925203158e-11
-1.537481404999411856e-08,-2.522388602923482086e-09
1.027443758105925018e-08,-3.298526536719483660e-09
-1.514920646274850611e-09,6.305029587344754913e-10
2.771138675130065051e-09,-1.866208145405260410e-09
1.220477035559794597e-08,-8.667554168997058482e-10
6.932201389829228869e-09,4.572037333041904341e-10
9.577763125888397752e-09,5.717865585341745641e-10
9.733726501218103039e-09,-6.947635675326987469e-09
-5.381369672041907478e-08,-9.323802999758878222e-09
-1.817666353314552900e-08,-3.843466147714434390e-09
8.279722420033771354e-09,-1.732003217770692919e-08
-5.252460900627225244e-08,-9.856925718861266111e-09
-2.366028896633601976e-09,-1.226515199053469777e-09
4.993145398205074785e-09,-3.665267332257227823e-09
-2.788033875296872053e-10,-2.882393398565873399e-10
8.368136792581534723e-09,-1.635063267618741472e-08
7.967712277557855333e-09,-1.697164583858104475e-08
8.119585820086757257e-09,-1.711438007404171976e-08
-2.369035349445581043e-09,1.134745689727340452e-09
9.017161847133301448e-09,-2.838764655605264580e-09
7.857681226428653082e-09,-1.491660948684332849e-08
-5.484791467320963841e-08,-1.523641620035390615e-08
-1.038287868588194355e-09,-3.433060577355550246e-10
8.294148379095849575e-09,-1.533847870109092897e-08
-2.092156379618125396e-09,1.255008898204921138e-09
-6.166791510101103874e-10,-9.390913797888560028e-10
-8.965197245345093443e-11,3.116426779838020239e-10
3.060973785147022084e-09,-4.421028265240798076e-09
8.622962493086902696e-09,-1.089782276955385935e-09
6.887039389991408285e-09,-5.554874993283904517e-09
7.427295854239118768e-09,-7.587593015417653155e-09
-9.902881249974526576e-09,-2.023747014660014092e-09
5.149289473677502342e-09,-2.502953882890902606e-09
-9.236184291810556220e-09,-4.056950329842643527e-09
-1.793067782558698534e-10,-3.388419715491750025e-10
-6.231424405601055957e-10,1.770987577652830113e-10
-7.939017319451709127e-10,-1.111937486891729649e-09
6.476605102748414831e-09,-7.702154758336546849e-09
-1.748289185866770673e-09,-2.674731826761871635e-10
4.111178975673684788e-09,4.525182188130041093e-09
-1.838840799732411701e-09,1.193165378280572615e-10
1.859356312104712038e-09,6.515471748949319508e-10
1.100765121815556362e-08,-6.521364914021110724e-09
-1.389628977699125713e-08,-1.207868213777932769e-09
1.599217572081320544e-09,-2.850283672994062755e-09
1.185841204450599462e-09,2.188027494364413907e-09
-3.799129743114185153e-10,8.201942589575237035e-10
9.222978562273211156e-09,-8.601459746910876336e-09
-9.889872951212452805e-09,-9.891068527760809378e-10
-2.397093936598658774e-09,-5.518412544220887512e-10
6.455984078935716596e-09,-1.509255967165890143e-08
1.364049579646016422e-08,-5.312705037036712083e-09
6.047525997487932787e-09,-1.583873574351306242e-08
8.471844756638338493e-09,-1.583225495729773491e-08
5.746746294334804068e-09,-1.480344009387585247e-08
8.899620167621474053e-09,-5.375785927699783151e-09
-1.144852794965629460e-08,-3.386888304457324719e-09
6.984867041352699354e-09,-1.672453143594770644e-08
-1.001615404232482689e-09,1.001887581830021005e-09
-6.841063399470994215e-09,-1.102789330388227074e-09
8.172788971810773659e-09,-1.507990098789280709e-08
8.447019187476934487e-09,-2.398494968275797092e-09
-3.328832072537014110e-09,7.321296499418583288e-10
-1.277650781176563948e-08,-2.003567214089911531e-09
-1.486988144842123108e-08,-3.049212426527672318e-09
7.821138133334867856e-09,-1.725690896081091663e-08
-4.935763377627854128e-08,-9.236018855574041928e-09
-5.106722757167222811e-10,5.836894195398475717e-10
3.010000854942439738e-09,-1.258271508818672208e-08
-5.305118140999266404e-09,-8.237953893086582509e-09
9.813932986441111378e-09,3.485491885135810595e-10
7.900063129371906250e-09,-1.726244930329683614e-08
1.121546063068672594e-08,-4.647459216837120076e-09
1.239662897340075600e-08,4.180129709516122367e-09
1.224852583155906332e-08,-2.279143094791438283e-09
9.349207184059660243e-09,4.197555995098810627e-09
-2.314641387040536076e-10,3.481665856167489515e-10
-2.078296029668786331e-10,5.809199524709661194e-11
8.383819255941256467e-09,-1.708146604440828856e-08
-2.122491592954699104e-09,1.937855003696100152e-10
-1.088912733906345551e-08,-3.777926464328651397e-09
9.731860833042317883e-09,1.263684386276003472e-11
7.693944354573177770e-09,-1.663905856374228795e-08
6.320045838091296024e-09,-7.380619091550963210e-09
8.478002983715767612e-09,-5.131591304664909528e-09
-1.611309161100607431e-08,-2.947967170828081115e-09
-1.341481888242677688e-09,-7.303362534483042431e-10
-1.249013446612128437e-09,-1.423031675593088823e-09
8.305683806763766716e-09,-1.717503023067592648e-08
6.649369890675494186e-09,-1.477059435566776226e-09
8.172251894520740286e-09,-1.463621742842796359e-08
1.017540530816053903e-08,-6.796917561362011219e-09
8.172212461661854704e-09,-6.200105276380252750e-09
-5.264026840127020505e-08,-7.838456992490803646e-09
6.912327458131466112e-09,-7.132967640437872877e-09
-2.568972412696829917e-09,-7.400083309266351398e-10
-5.376403979662925256e-08,-1.165002718781701312e-08
7.181494690855689174e-09,-7.330682916030773357e-10
-9.836734028276311805e-11,3.954401345717845593e-11
8.738201766457417566e-09,-9.854392591450201143e-09
8.485853103464374856e-09,-1.019460722565085275e-08
-1.665962298350292920e-09,-1.015779507505110849e-09
7.273814073342099462e-09,-1.649719035973314547e-08
-5.534528547927799436e-08,-1.374735680909334225e-08
-1.188156081317928084e-08,-1.464929376517245113e-09
-2.139174790059127494e-09,1.120785173849465078e-10
7.771180005164877736e-09,-1.527590605258184040e-08
7.949176682570173560e-09,5.350646326099828847e-10
1.525395989999654993e-08,2.318973167163456969e-10
-1.823190222246683068e-09,-4.773516495977478785e-10
-5.547965215962969783e-08,-9.573624102399124391e-09
-2.192833989157024741e-09,-4.564775798112094497e-10
-5.371245710298816343e-08,-1.506311037547293619e-08
1.039740411374714307e-08,-6.445884345189658345e-09
5.860934075027934304e-09,-3.663716186244243117e-09
-3.068300149515985489e-09,6.667922122252449411e-10
8.553450664563787993e-09,-8.607536143913813759e-09
-5.495171186028922316e-08,-1.690769231409183017e-08
-5.437815141582419432e-08,-1.766919870562312391e-08
-1.342347492557492329e-10,-2.641451755766610803e-10
-5.640312207931669265e-08,-1.740646673596010089e-08
8.478397033030513702e-09,-1.639155287943552919e-08
-5.581527116633914984e-08,-1.672099362899755679e-08
-2.307267949929724186e-09,-6.033667756426688383e-10
-2.613535990032394644e-09,-3.010662774667056576e-10
8.834646211765764836e-09,-1.161798469247969933e-08
1.372383217765658321e-08,4.036668371650434451e-09
5.533028590629669730e-09,2.513932022376960075e-10
7.638246829696585920e-09,2.871812142682831537e-09
4.154136890407139424e-09,-1.398522902989825567e-08
5.680970047310051758e-09,-1.570266100661135969e-08
-5.659020782108089898e-08,-1.656209146263249043e-08
-2.177491142699973154e-09,-1.323926029308448774e-09
7.807014956375617651e-09,-1.517937487473357151e-08
8.798827025727419100e-09,-9.115543882038949808e-09
-5.416340826630738133e-08,-8.794250070979762354e-09
-1.050748463239434329e-08,-7.924828132410099040e-10
-1.749488565882883825e-09,-3.540302134430155549e-10
8.103990611493121679e-09,-1.453010495670224376e-08
-9.358602458945248066e-09,-4.476822082740182206e-09
8.504785745750916547e-09,-1.526085650773848214e-08
-1.537983532003503518e-09,2.378413126255431995e-10
3.433803373221280971e-09,-1.861887624890969051e-09
-4.880112777493406410e-08,-1.003760840764046336e-08
7.643792026302194821e-09,-1.610598840031000913e-08
2.606547201676246559e-09,9.510913043301828402e-10
-7.800234068982668135e-09,-1.073118470889004836e-09
-3.550699172646390844e-10,-2.351288443384010086e-10
8.617986698094738887e-09,-2.737246494410463862e-09
7.939812108880599428e-09,-1.746885842871558851e-08
8.199340282108512275e-09,-1.746236517340510279e-08
7.668882761607718974e-10,7.348236001068276482e-10
-1.338979497731688479e-09,2.318715307612518241e-10
8.077711320717213467e-09,-1.755939480140118975e-08
-1.602802303921609513e-09,3.884088801309367255e-10
8.405769192479480843e-09,-1.593175964805403144e-08
-3.046382078464814761e-10,5.259686130128951655e-10
8.093942786285366468e-09,-1.762676613674791842e-08
-2.299333424192619626e-09,5.753995993881301582e-11
-1.318039415421639456e-10,1.974442913142596092e-10
-2.082318306590785466e-09,-5.151531094178340313e-10
-8.980608206185742766e-10,-3.382420132091002004e-10
-5.610845873789929232e-08,-8.741542079022285491e-09
7.428084994514483316e-09,-8.384913373979640030e-09
7.369741450031697019e-09,-7.886939946076840807e-09
-1.107361557813699800e-08,-3.247111738735595151e-09
7.816730364896246349e-09,-1.665414609548676033e-08
-1.533725841515018840e-09,-1.547677256774450323e-09
