Number of nodes 640 
     0 :  0.0000000e+00  1.0000000e+00 
     1 :  0.0000000e+00  0.0000000e+00 
     2 :  1.0000000e+00  1.0000000e+00 
     3 :  1.0000000e+00  7.5000000e-01 
     4 :  5.0000000e-01  7.5000000e-01 
     5 :  5.0000000e-01  2.5000000e-01 
     6 :  1.0000000e+00  2.5000000e-01 
     7 :  1.0000000e+00  0.0000000e+00 
     8 :  0.0000000e+00  9.6428571e-01 
     9 :  0.0000000e+00  8.9285714e-01 
    10 :  0.0000000e+00  8.2142857e-01 
    11 :  0.0000000e+00  7.5000000e-01 
    12 :  0.0000000e+00  6.7857143e-01 
    13 :  0.0000000e+00  6.0714286e-01 
    14 :  0.0000000e+00  5.3571429e-01 
    15 :  0.0000000e+00  4.6428571e-01 
    16 :  0.0000000e+00  3.9285714e-01 
    17 :  0.0000000e+00  3.2142857e-01 
    18 :  0.0000000e+00  2.5000000e-01 
    19 :  0.0000000e+00  1.7857143e-01 
    20 :  0.0000000e+00  1.0714286e-01 
    21 :  0.0000000e+00  3.5714286e-02 
    22 :  0.0000000e+00  9.2857143e-01 
    23 :  0.0000000e+00  8.5714286e-01 
    24 :  0.0000000e+00  7.8571429e-01 
    25 :  0.0000000e+00  7.1428571e-01 
    26 :  0.0000000e+00  6.4285714e-01 
    27 :  0.0000000e+00  5.7142857e-01 
    28 :  0.0000000e+00  5.0000000e-01 
    29 :  0.0000000e+00  4.2857143e-01 
    30 :  0.0000000e+00  3.5714286e-01 
    31 :  0.0000000e+00  2.8571429e-01 
    32 :  0.0000000e+00  2.1428571e-01 
    33 :  0.0000000e+00  1.4285714e-01 
    34 :  0.0000000e+00  7.1428571e-02 
    35 :  9.6428571e-01  1.0000000e+00 
    36 :  8.9285714e-01  1.0000000e+00 
    37 :  8.2142857e-01  1.0000000e+00 
    38 :  7.5000000e-01  1.0000000e+00 
    39 :  6.7857143e-01  1.0000000e+00 
    40 :  6.0714286e-01  1.0000000e+00 
    41 :  5.3571429e-01  1.0000000e+00 
    42 :  4.6428571e-01  1.0000000e+00 
    43 :  3.9285714e-01  1.0000000e+00 
    44 :  3.2142857e-01  1.0000000e+00 
    45 :  2.5000000e-01  1.0000000e+00 
    46 :  1.7857143e-01  1.0000000e+00 
    47 :  1.0714286e-01  1.0000000e+00 
    48 :  3.5714286e-02  1.0000000e+00 
    49 :  9.2857143e-01  1.0000000e+00 
    50 :  8.5714286e-01  1.0000000e+00 
    51 :  7.8571429e-01  1.0000000e+00 
    52 :  7.1428571e-01  1.0000000e+00 
    53 :  6.4285714e-01  1.0000000e+00 
    54 :  5.7142857e-01  1.0000000e+00 
    55 :  5.0000000e-01  1.0000000e+00 
    56 :  4.2857143e-01  1.0000000e+00 
    57 :  3.5714286e-01  1.0000000e+00 
    58 :  2.8571429e-01  1.0000000e+00 
    59 :  2.1428571e-01  1.0000000e+00 
    60 :  1.4285714e-01  1.0000000e+00 
    61 :  7.1428571e-02  1.0000000e+00 
    62 :  1.0000000e+00  7.8125000e-01 
    63 :  1.0000000e+00  8.4375000e-01 
    64 :  1.0000000e+00  9.0625000e-01 
    65 :  1.0000000e+00  9.6875000e-01 
    66 :  1.0000000e+00  8.1250000e-01 
    67 :  1.0000000e+00  8.7500000e-01 
    68 :  1.0000000e+00  9.3750000e-01 
    69 :  9.6428571e-01  7.5000000e-01 
    70 :  8.9285714e-01  7.5000000e-01 
    71 :  8.2142857e-01  7.5000000e-01 
    72 :  7.5000000e-01  7.5000000e-01 
    73 :  6.7857143e-01  7.5000000e-01 
    74 :  6.0714286e-01  7.5000000e-01 
    75 :  5.3571429e-01  7.5000000e-01 
    76 :  9.2857143e-01  7.5000000e-01 
    77 :  8.5714286e-01  7.5000000e-01 
    78 :  7.8571429e-01  7.5000000e-01 
    79 :  7.1428571e-01  7.5000000e-01 
    80 :  6.4285714e-01  7.5000000e-01 
    81 :  5.7142857e-01  7.5000000e-01 
    82 :  4.6442129e-01  7.4745536e-01 
    83 :  3.9614625e-01  7.2740800e-01 
    84 :  3.3628482e-01  6.8893739e-01 
    85 :  2.8968662e-01  6.3516020e-01 
    86 :  2.6012676e-01  5.7043314e-01 
    87 :  2.5000000e-01  5.0000000e-01 
    88 :  2.6012676e-01  4.2956686e-01 
    89 :  2.8968662e-01  3.6483980e-01 
    90 :  3.3628482e-01  3.1106261e-01 
    91 :  3.9614625e-01  2.7259200e-01 
    92 :  4.6442129e-01  2.5254464e-01 
    93 :  4.2956686e-01  7.3987324e-01 
    94 :  3.6483980e-01  7.1031338e-01 
    95 :  3.1106261e-01  6.6371518e-01 
    96 :  2.7259200e-01  6.0385375e-01 
    97 :  2.5254464e-01  5.3557871e-01 
    98 :  2.5254464e-01  4.6442129e-01 
    99 :  2.7259200e-01  3.9614625e-01 
   100 :  3.1106261e-01  3.3628482e-01 
   101 :  3.6483980e-01  2.8968662e-01 
   102 :  4.2956686e-01  2.6012676e-01 
   103 :  5.3571429e-01  2.5000000e-01 
   104 :  6.0714286e-01  2.5000000e-01 
   105 :  6.7857143e-01  2.5000000e-01 
   106 :  7.5000000e-01  2.5000000e-01 
   107 :  8.2142857e-01  2.5000000e-01 
   108 :  8.9285714e-01  2.5000000e-01 
   109 :  9.6428571e-01  2.5000000e-01 
   110 :  5.7142857e-01  2.5000000e-01 
   111 :  6.4285714e-01  2.5000000e-01 
   112 :  7.1428571e-01  2.5000000e-01 
   113 :  7.8571429e-01  2.5000000e-01 
   114 :  8.5714286e-01  2.5000000e-01 
   115 :  9.2857143e-01  2.5000000e-01 
   116 :  1.0000000e+00  3.1250000e-02 
   117 :  1.0000000e+00  9.3750000e-02 
   118 :  1.0000000e+00  1.5625000e-01 
   119 :  1.0000000e+00  2.1875000e-01 
   120 :  1.0000000e+00  6.2500000e-02 
   121 :  1.0000000e+00  1.2500000e-01 
   122 :  1.0000000e+00  1.8750000e-01 
   123 :  3.5714286e-02  0.0000000e+00 
   124 :  1.0714286e-01  0.0000000e+00 
   125 :  1.7857143e-01  0.0000000e+00 
   126 :  2.5000000e-01  0.0000000e+00 
   127 :  3.2142857e-01  0.0000000e+00 
   128 :  3.9285714e-01  0.0000000e+00 
   129 :  4.6428571e-01  0.0000000e+00 
   130 :  5.3571429e-01  0.0000000e+00 
   131 :  6.0714286e-01  0.0000000e+00 
   132 :  6.7857143e-01  0.0000000e+00 
   133 :  7.5000000e-01  0.0000000e+00 
   134 :  8.2142857e-01  0.0000000e+00 
   135 :  8.9285714e-01  0.0000000e+00 
   136 :  9.6428571e-01  0.0000000e+00 
   137 :  7.1428571e-02  0.0000000e+00 
   138 :  1.4285714e-01  0.0000000e+00 
   139 :  2.1428571e-01  0.0000000e+00 
   140 :  2.8571429e-01  0.0000000e+00 
   141 :  3.5714286e-01  0.0000000e+00 
   142 :  4.2857143e-01  0.0000000e+00 
   143 :  5.0000000e-01  0.0000000e+00 
   144 :  5.7142857e-01  0.0000000e+00 
   145 :  6.4285714e-01  0.0000000e+00 
   146 :  7.1428571e-01  0.0000000e+00 
   147 :  7.8571429e-01  0.0000000e+00 
   148 :  8.5714286e-01  0.0000000e+00 
   149 :  9.2857143e-01  0.0000000e+00 
   150 :  7.1854594e-01  1.9245227e-01 
   151 :  6.5176537e-01  1.9157270e-01 
   152 :  2.2803368e-01  8.6580348e-01 
   153 :  1.5305175e-01  8.2417792e-01 
   154 :  1.3688079e-01  1.7286923e-01 
   155 :  6.0482975e-02  4.3576955e-01 
   156 :  5.9066286e-02  4.9451388e-01 
   157 :  6.5668783e-02  5.6351102e-01 
   158 :  5.0281574e-01  9.4115882e-01 
   159 :  7.8581404e-01  8.1270999e-01 
   160 :  5.0468395e-01  8.8268341e-01 
   161 :  7.8576814e-01  7.8136462e-01 
   162 :  3.6168707e-01  1.8770476e-01 
   163 :  4.9730328e-01  2.2046884e-01 
   164 :  4.8529446e-01  1.0623169e-01 
   165 :  4.2538745e-01  1.4287141e-01 
   166 :  4.1081082e-02  2.8935383e-01 
   167 :  8.4825725e-02  1.3993873e-01 
   168 :  1.2017151e-01  4.6600783e-01 
   169 :  6.4222745e-01  1.0090377e-01 
   170 :  3.2591410e-01  2.2605921e-01 
   171 :  5.4661090e-01  1.5511769e-01 
   172 :  3.1753918e-01  1.6503247e-01 
   173 :  1.5258470e-01  3.4315238e-01 
   174 :  3.9995802e-01  7.7975384e-01 
   175 :  3.1784294e-01  7.1176368e-01 
   176 :  1.1301050e-01  8.5883296e-01 
   177 :  1.9701576e-01  7.5066924e-01 
   178 :  2.4275629e-01  3.9301016e-01 
   179 :  3.7153470e-02  3.5192593e-02 
   180 :  1.9427411e-01  4.6510955e-01 
   181 :  9.2859978e-01  9.4424550e-02 
   182 :  8.5746478e-01  1.8882566e-01 
   183 :  7.8584484e-01  8.4402094e-01 
   184 :  6.7877576e-01  7.8172528e-01 
   185 :  6.4317625e-01  7.8204076e-01 
   186 :  5.3804700e-01  8.1916941e-01 
   187 :  9.6429251e-01  9.3751317e-01 
   188 :  5.7288974e-01  8.1635698e-01 
   189 :  7.8584502e-01  9.0651357e-01 
   190 :  6.7910100e-01  8.7608802e-01 
   191 :  7.8585574e-01  8.7528913e-01 
   192 :  1.5238108e-01  7.0871838e-01 
   193 :  7.0666031e-02  6.3681315e-01 
   194 :  7.4609509e-02  7.1127619e-01 
   195 :  1.4233277e-01  3.8009133e-01 
   196 :  9.2859195e-01  8.7504100e-01 
   197 :  5.5906641e-01  1.2351528e-01 
   198 :  4.6225225e-01  9.3416049e-02 
   199 :  5.5996663e-01  3.0033813e-02 
   200 :  7.5133940e-01  2.2073395e-01 
   201 :  7.1968925e-01  1.3663109e-01 
   202 :  5.4808507e-01  5.9266134e-02 
   203 :  4.3371515e-01  9.4177362e-01 
   204 :  4.3862465e-01  8.8527244e-01 
   205 :  2.2174458e-01  1.7586753e-01 
   206 :  5.0390905e-01  8.2396000e-01 
   207 :  6.9916295e-01  7.8258372e-02 
   208 :  7.8705403e-01  1.6041541e-01 
   209 :  4.5904396e-01  2.3761687e-02 
   210 :  3.6825741e-01  7.5718158e-02 
   211 :  4.5780408e-01  2.2576773e-01 
   212 :  4.4253126e-01  7.9388622e-01 
   213 :  1.5326910e-01  6.4866041e-02 
   214 :  3.0656419e-01  1.0967854e-01 
   215 :  2.5720562e-01  9.3495088e-01 
   216 :  6.4360572e-01  9.0770369e-01 
   217 :  7.5022002e-01  8.7545105e-01 
   218 :  7.5020337e-01  8.4417571e-01 
   219 :  6.6371420e-01  1.3533073e-01 
   220 :  3.4709706e-01  1.3228230e-01 
   221 :  4.1844014e-01  8.0846679e-01 
   222 :  2.3239570e-01  8.3127565e-01 
   223 :  2.9579798e-01  5.5152999e-02 
   224 :  7.5237131e-01  1.9149160e-01 
   225 :  9.6431991e-01  1.8772433e-01 
   226 :  9.2865764e-01  1.5689894e-01 
   227 :  1.7710751e-01  6.2515823e-01 
   228 :  1.2764255e-01  1.3610624e-01 
   229 :  1.4912302e-01  8.9567717e-01 
   230 :  4.4263815e-01  8.3335234e-01 
   231 :  2.5350589e-01  9.6743271e-01 
   232 :  1.4737943e-01  6.6872527e-01 
   233 :  1.4781692e-01  3.2520328e-02 
   234 :  7.5640910e-02  7.4849092e-01 
   235 :  1.1016194e-01  9.2983471e-01 
   236 :  2.1739014e-01  9.6660426e-01 
   237 :  7.4243835e-02  3.4544548e-02 
   238 :  2.3064629e-01  1.9471984e-01 
   239 :  3.9915766e-01  9.4126346e-01 
   240 :  2.4465990e-01  1.4486239e-01 
   241 :  4.0442092e-02  1.0592679e-01 
   242 :  1.9260466e-01  8.2690236e-01 
   243 :  2.6586294e-01  8.6996414e-01 
   244 :  3.0853597e-01  8.4372006e-01 
   245 :  1.8986513e-01  6.2147367e-02 
   246 :  2.7224205e-01  1.1332391e-01 
   247 :  1.1568669e-01  6.7340546e-02 
   248 :  7.5015531e-01  9.3780779e-01 
   249 :  7.1462722e-01  8.7570161e-01 
   250 :  5.3868125e-01  8.5030040e-01 
   251 :  4.1978547e-01  2.3438143e-01 
   252 :  6.3169562e-01  1.3072703e-01 
   253 :  3.7013298e-01  2.1683675e-01 
   254 :  3.1216829e-01  1.3707204e-01 
   255 :  1.8962695e-01  8.6254097e-01 
   256 :  2.8945256e-01  9.6832939e-01 
   257 :  3.7122486e-02  8.9323459e-01 
   258 :  6.0841320e-01  8.7756619e-01 
   259 :  9.6428920e-01  7.8125710e-01 
   260 :  7.8581438e-01  9.3769964e-01 
   261 :  9.2858584e-01  8.1252906e-01 
   262 :  3.9016196e-01  1.5222805e-01 
   263 :  4.5067089e-01  6.6791394e-02 
   264 :  3.7387316e-01  1.0087410e-01 
   265 :  2.8685505e-01  7.7136669e-01 
   266 :  3.2498499e-01  7.8425118e-01 
   267 :  4.4084499e-01  8.5844660e-01 
   268 :  1.3631748e-01  5.9106404e-01 
   269 :  3.8545528e-02  3.2579577e-01 
   270 :  1.9598697e-01  5.4322746e-01 
   271 :  8.8903332e-02  1.7701774e-01 
   272 :  1.0707993e-01  3.7331482e-01 
   273 :  1.9391488e-01  1.9071602e-01 
   274 :  3.2910195e-01  9.3864079e-01 
   275 :  7.8658344e-01  1.3002826e-01 
   276 :  8.9282704e-01  6.3428298e-02 
   277 :  8.5735423e-01  1.2703277e-01 
   278 :  9.6428904e-01  6.2736283e-02 
   279 :  3.6822727e-01  9.1082142e-01 
   280 :  3.7747762e-01  8.5429823e-01 
   281 :  4.1334285e-01  1.1867464e-01 
   282 :  2.0080140e-01  4.2631900e-01 
   283 :  2.2481850e-01  4.6476125e-01 
   284 :  6.7359010e-01  1.0786812e-01 
   285 :  6.9158346e-01  1.3988713e-01 
   286 :  7.1567452e-01  1.0861410e-01 
   287 :  2.0219190e-01  5.8125280e-01 
   288 :  8.7846559e-02  2.5543455e-01 
   289 :  1.7807463e-01  1.6092517e-01 
   290 :  2.2389012e-01  3.5468959e-01 
   291 :  2.5639785e-01  2.8908846e-01 
   292 :  4.3769729e-02  1.7821186e-01 
   293 :  2.7611497e-01  3.2780872e-01 
   294 :  7.3385858e-02  9.2927611e-01 
   295 :  3.6996096e-01  7.6986105e-01 
   296 :  1.9529105e-01  7.0818487e-01 
   297 :  7.1460218e-01  8.4441954e-01 
   298 :  6.7906384e-01  8.4480574e-01 
   299 :  3.9610670e-01  4.8205043e-02 
   300 :  5.9665674e-01  1.2704949e-01 
   301 :  4.4433162e-02  2.1525882e-01 
   302 :  1.2098320e-01  1.0132261e-01 
   303 :  3.6069106e-01  9.6996013e-01 
   304 :  3.4389175e-01  8.4958802e-01 
   305 :  3.7164718e-02  7.1277530e-01 
   306 :  2.7131322e-01  8.3729778e-01 
   307 :  6.4367768e-01  8.7667863e-01 
   308 :  6.4316272e-01  9.6930699e-01 
   309 :  7.5020306e-01  9.0665847e-01 
   310 :  8.9288224e-01  8.1255093e-01 
   311 :  9.6429419e-01  8.4376721e-01 
   312 :  6.0806952e-01  8.1477785e-01 
   313 :  7.0796340e-01  3.7193373e-02 
   314 :  5.7507310e-01  2.1937503e-01 
   315 :  4.9441344e-01  1.8870029e-01 
   316 :  3.9423248e-01  2.4216251e-02 
   317 :  6.6899108e-01  3.5501721e-02 
   318 :  5.3488322e-01  8.8279828e-02 
   319 :  4.3944241e-01  1.6884634e-01 
   320 :  5.9572812e-01  3.1792738e-02 
   321 :  5.3674084e-01  9.7021669e-01 
   322 :  6.0834013e-01  8.4639919e-01 
   323 :  9.6429500e-01  8.7501864e-01 
   324 :  6.4714334e-01  2.2064557e-01 
   325 :  4.9134830e-01  1.5299565e-01 
   326 :  6.2342279e-01  1.6024066e-01 
   327 :  3.2934587e-01  2.6272813e-01 
   328 :  2.8190976e-01  2.2605143e-01 
   329 :  5.3765652e-01  9.4041531e-01 
   330 :  8.2151922e-01  8.7518447e-01 
   331 :  7.1441673e-01  7.8154223e-01 
   332 :  6.1999087e-01  6.5867964e-02 
   333 :  5.8385589e-01  6.2650959e-02 
   334 :  5.3708867e-01  2.1923658e-01 
   335 :  7.1656224e-01  2.2111786e-01 
   336 :  6.8533896e-01  1.9266785e-01 
   337 :  6.8197645e-01  2.2113570e-01 
   338 :  3.5329875e-02  6.3993763e-01 
   339 :  7.2868033e-02  6.7397582e-01 
   340 :  3.6361147e-02  6.7632867e-01 
   341 :  4.1293955e-01  7.5932410e-01 
   342 :  2.8437082e-01  6.8423298e-01 
   343 :  8.2151222e-01  8.4392199e-01 
   344 :  5.3836555e-01  9.1057358e-01 
   345 :  8.2146311e-01  7.8132225e-01 
   346 :  1.8386727e-01  9.3175523e-01 
   347 :  4.2217547e-02  1.4178731e-01 
   348 :  2.0250046e-01  3.1454958e-01 
   349 :  9.1635062e-02  2.1599374e-01 
   350 :  8.9287067e-01  7.8127762e-01 
   351 :  5.3875179e-01  8.8060692e-01 
   352 :  7.1460010e-01  9.0687927e-01 
   353 :  4.9137072e-01  2.5592743e-02 
   354 :  4.7394873e-01  7.2889884e-02 
   355 :  6.7905724e-01  9.0721185e-01 
   356 :  7.5008399e-01  7.8143226e-01 
   357 :  5.7212525e-01  9.6986198e-01 
   358 :  7.5015554e-01  8.1283216e-01 
   359 :  2.8227322e-01  1.6841545e-01 
   360 :  1.1513114e-01  3.3655681e-01 
   361 :  2.8830134e-02  4.6464864e-01 
   362 :  3.8727320e-02  7.0453336e-02 
   363 :  3.3268706e-02  3.9722358e-01 
   364 :  8.5718343e-01  8.1258321e-01 
   365 :  7.1452818e-01  8.1302814e-01 
   366 :  8.5720050e-01  8.7511647e-01 
   367 :  8.5716475e-01  7.8129522e-01 
   368 :  6.4342440e-01  9.3855954e-01 
   369 :  9.6429216e-01  8.1251315e-01 
   370 :  8.5718379e-01  9.3758154e-01 
   371 :  9.2859051e-01  9.0628783e-01 
   372 :  8.9288256e-01  9.3755031e-01 
   373 :  9.2859031e-01  8.4378793e-01 
   374 :  9.2858616e-01  9.3752889e-01 
   375 :  8.2101391e-01  6.5043859e-02 
   376 :  7.8448407e-01  6.6747982e-02 
   377 :  9.2865332e-01  1.8798854e-01 
   378 :  8.5701788e-01  3.2098389e-02 
   379 :  8.2206073e-01  1.8950617e-01 
   380 :  8.9302723e-01  1.5737206e-01 
   381 :  9.2863534e-01  1.2571633e-01 
   382 :  8.9281848e-01  3.1758290e-02 
   383 :  7.4749067e-01  3.5008864e-02 
   384 :  8.9302172e-01  1.8833817e-01 
   385 :  8.5701417e-01  6.4046029e-02 
   386 :  7.8474313e-01  3.3538177e-02 
   387 :  8.2183364e-01  1.2821811e-01 
   388 :  7.5277603e-01  1.6225238e-01 
   389 :  1.4700383e-01  9.3063891e-01 
   390 :  3.7765885e-02  8.2155328e-01 
   391 :  7.5135442e-02  8.5797141e-01 
   392 :  1.1437047e-01  7.4815128e-01 
   393 :  8.2138809e-01  9.6922831e-02 
   394 :  7.5209823e-01  1.3275851e-01 
   395 :  9.2857045e-01  6.3024163e-02 
   396 :  5.0146857e-01  9.7055551e-01 
   397 :  4.6820458e-01  9.4169203e-01 
   398 :  4.3116896e-01  9.7078341e-01 
   399 :  4.6629641e-01  9.7077983e-01 
   400 :  6.4362421e-01  8.4542015e-01 
   401 :  5.7318230e-01  9.0937091e-01 
   402 :  5.7220282e-01  7.8374284e-01 
   403 :  8.2151242e-01  9.0641897e-01 
   404 :  1.5436362e-01  7.8705354e-01 
   405 :  3.5937913e-01  7.9474141e-01 
   406 :  3.6433617e-01  9.4017873e-01 
   407 :  1.5231837e-01  2.1563609e-01 
   408 :  2.3815841e-01  1.1728035e-01 
   409 :  2.0371842e-01  1.2242727e-01 
   410 :  5.0171358e-01  7.9237278e-01 
   411 :  8.5719599e-01  8.4385819e-01 
   412 :  6.0800781e-01  9.3904216e-01 
   413 :  8.5716305e-01  9.5708346e-02 
   414 :  7.4623915e-01  6.9968376e-02 
   415 :  4.0997554e-01  2.0689587e-01 
   416 :  3.4076497e-01  1.0563245e-01 
   417 :  6.0765501e-01  9.6634501e-02 
   418 :  2.9072894e-01  2.7697947e-02 
   419 :  3.9059811e-01  8.0279315e-01 
   420 :  1.1164537e-01  8.9450800e-01 
   421 :  1.8668808e-01  8.9737668e-01 
   422 :  3.2579883e-01  2.6570754e-02 
   423 :  6.1686398e-01  1.9000764e-01 
   424 :  1.5961312e-01  9.7116062e-02 
   425 :  7.1556093e-02  3.6706539e-01 
   426 :  2.9813607e-02  4.9774949e-01 
   427 :  3.2867112e-02  5.6769989e-01 
   428 :  6.2762585e-02  5.2799086e-01 
   429 :  3.1416639e-02  5.3222506e-01 
   430 :  2.5762433e-01  3.5961719e-01 
   431 :  8.9289184e-01  9.4937304e-02 
   432 :  9.6430079e-01  9.4055042e-02 
   433 :  9.2856181e-01  3.1536222e-02 
   434 :  7.4983696e-01  1.0221543e-01 
   435 :  7.8695381e-01  1.9041367e-01 
   436 :  8.9297464e-01  1.2624998e-01 
   437 :  7.5963214e-02  7.8539066e-01 
   438 :  6.8242688e-02  5.9993401e-01 
   439 :  3.4155851e-02  6.0368828e-01 
   440 :  3.3519905e-01  7.9262642e-02 
   441 :  2.4375543e-01  6.1204982e-01 
   442 :  1.9309478e-01  5.0459832e-01 
   443 :  2.2550482e-01  5.3925853e-01 
   444 :  2.2285470e-01  5.0212571e-01 
   445 :  4.2673880e-01  6.8254552e-02 
   446 :  4.4992244e-01  1.9742884e-01 
   447 :  2.6023787e-01  6.4818033e-01 
   448 :  1.9697225e-01  2.3802227e-01 
   449 :  5.5660717e-02  4.6502205e-01 
   450 :  6.6212553e-02  4.0243987e-01 
   451 :  3.0637503e-02  4.3163168e-01 
   452 :  4.6007887e-01  7.8206363e-01 
   453 :  4.2495378e-01  7.8735640e-01 
   454 :  4.3962427e-01  7.6961314e-01 
   455 :  1.5119270e-01  8.6027649e-01 
   456 :  4.0242209e-01  9.1247687e-01 
   457 :  2.3739609e-01  7.9546272e-01 
   458 :  4.0586850e-01  8.8441026e-01 
   459 :  3.9599706e-01  9.7050695e-01 
   460 :  3.0106356e-01  8.2442002e-02 
   461 :  4.2618141e-01  4.6364153e-02 
   462 :  4.0445429e-01  9.5332102e-02 
   463 :  4.0957864e-01  8.5740843e-01 
   464 :  1.1410597e-01  8.2264608e-01 
   465 :  3.3664299e-01  7.5668296e-01 
   466 :  3.5055919e-01  7.3203665e-01 
   467 :  3.6394386e-01  5.0602066e-02 
   468 :  5.2499063e-01  2.7919472e-02 
   469 :  5.7156615e-01  9.2929626e-02 
   470 :  4.5450595e-01  4.6420415e-02 
   471 :  1.0612481e-01  6.3338113e-01 
   472 :  2.9941544e-01  7.3896728e-01 
   473 :  9.8582640e-02  5.5848872e-01 
   474 :  1.0233564e-01  5.9571532e-01 
   475 :  3.1579847e-01  8.1352251e-01 
   476 :  2.9338662e-01  9.3682884e-01 
   477 :  1.8116902e-01  9.6590607e-01 
   478 :  2.6651639e-01  8.5470887e-02 
   479 :  2.1720679e-01  2.1235214e-01 
   480 :  1.8889543e-01  3.4931964e-01 
   481 :  9.0013037e-02  4.4366035e-01 
   482 :  1.3263760e-01  4.1882453e-01 
   483 :  2.7773949e-01  1.4089712e-01 
   484 :  9.9365636e-02  4.0951681e-01 
   485 :  7.1987803e-01  1.6424532e-01 
   486 :  6.5710494e-01  1.6303898e-01 
   487 :  6.8864182e-01  1.6517603e-01 
   488 :  1.1276755e-01  7.0987528e-01 
   489 :  1.0978223e-01  6.7147264e-01 
   490 :  4.4779081e-01  8.2911334e-02 
   491 :  3.8110907e-01  2.4618337e-01 
   492 :  5.1823820e-01  1.1831919e-01 
   493 :  7.7356295e-02  6.9181386e-02 
   494 :  4.3259930e-02  2.5248052e-01 
   495 :  8.2442791e-02  2.9359556e-01 
   496 :  5.7273462e-01  9.3967165e-01 
   497 :  9.6429443e-01  9.0626723e-01 
   498 :  6.7894955e-01  8.1334695e-01 
   499 :  5.7330462e-01  8.4794550e-01 
   500 :  6.0829195e-01  9.0840914e-01 
   501 :  4.8301723e-01  5.0041630e-02 
   502 :  1.5448427e-01  7.4857019e-01 
   503 :  3.5081001e-01  8.2148638e-01 
   504 :  2.4315189e-01  7.5684207e-01 
   505 :  5.0479794e-01  8.5352208e-01 
   506 :  6.0764077e-01  7.8261443e-01 
   507 :  6.4344814e-01  8.1387623e-01 
   508 :  2.5540253e-01  2.8809156e-02 
   509 :  1.6445849e-01  3.0693610e-01 
   510 :  2.2563474e-01  5.9588095e-02 
   511 :  1.6748814e-01  1.2924555e-01 
   512 :  4.3621273e-01  9.1317982e-01 
   513 :  1.9534194e-01  7.8990574e-01 
   514 :  1.8403442e-01  3.1241365e-02 
   515 :  2.1787086e-01  2.8125403e-01 
   516 :  1.6985948e-01  5.8627272e-01 
   517 :  1.6439262e-01  5.4758858e-01 
   518 :  1.0864522e-01  9.6495708e-01 
   519 :  3.8335027e-01  8.2774073e-01 
   520 :  7.2408432e-02  9.6466807e-01 
   521 :  5.3690134e-01  7.8621298e-01 
   522 :  5.0393984e-01  9.1186385e-01 
   523 :  6.7894123e-01  9.3821166e-01 
   524 :  9.6428421e-01  3.1378754e-02 
   525 :  8.2208330e-01  1.5902623e-01 
   526 :  4.1367173e-01  8.3191867e-01 
   527 :  1.6025925e-01  4.6546860e-01 
   528 :  1.6760711e-01  4.2364495e-01 
   529 :  4.7186953e-01  8.3015450e-01 
   530 :  4.7136856e-01  8.8453579e-01 
   531 :  4.7220977e-01  8.5685650e-01 
   532 :  8.5747242e-01  1.5804737e-01 
   533 :  1.3151995e-01  5.5268047e-01 
   534 :  4.4170933e-01  1.0822081e-01 
   535 :  3.8122625e-01  1.2624893e-01 
   536 :  5.1405610e-01  5.4857738e-02 
   537 :  4.6994099e-01  9.1288675e-01 
   538 :  4.6047356e-01  1.2864455e-01 
   539 :  5.7996923e-01  1.8854852e-01 
   540 :  3.3028912e-01  5.2957849e-02 
   541 :  4.4349942e-01  8.1116453e-01 
   542 :  2.9770533e-01  9.0551860e-01 
   543 :  1.7728723e-01  3.8548569e-01 
   544 :  2.3172993e-01  8.8748958e-02 
   545 :  2.5037469e-01  1.7112089e-01 
   546 :  9.2857921e-01  7.8126572e-01 
   547 :  8.2149251e-01  8.1263273e-01 
   548 :  5.7339354e-01  8.7885568e-01 
   549 :  8.2149281e-01  9.3762843e-01 
   550 :  8.9289285e-01  8.7507159e-01 
   551 :  8.9289022e-01  9.0631592e-01 
   552 :  7.4317542e-02  8.9374050e-01 
   553 :  3.7253566e-01  8.8210314e-01 
   554 :  6.7877117e-01  9.6912743e-01 
   555 :  1.1118455e-01  3.3662175e-02 
   556 :  2.1224187e-01  1.5074936e-01 
   557 :  2.3376906e-01  2.5002717e-01 
   558 :  6.0760699e-01  9.6955138e-01 
   559 :  1.4168749e-01  6.2955579e-01 
   560 :  2.1169017e-01  6.1957016e-01 
   561 :  2.4652521e-01  2.2184439e-01 
   562 :  3.5926337e-02  3.6180018e-01 
   563 :  2.7309403e-01  2.5747933e-01 
   564 :  2.1986263e-01  2.9980758e-02 
   565 :  3.2518512e-01  9.6920468e-01 
   566 :  2.7805136e-01  8.0440751e-01 
   567 :  1.2686748e-01  5.1310624e-01 
   568 :  8.8377325e-02  4.8778813e-01 
   569 :  9.4559821e-02  5.2200177e-01 
   570 :  9.6432232e-01  1.5654649e-01 
   571 :  9.6431420e-01  1.2532548e-01 
   572 :  7.6910389e-02  3.3072370e-01 
   573 :  3.0264857e-01  8.7444965e-01 
   574 :  2.2065116e-01  9.3320976e-01 
   575 :  3.2221955e-01  1.9429627e-01 
   576 :  3.5410737e-01  1.5953438e-01 
   577 :  1.8592393e-01  6.6539620e-01 
   578 :  7.8554923e-01  9.8900491e-02 
   579 :  8.0873757e-02  1.0418192e-01 
   580 :  1.6086569e-01  5.0783921e-01 
   581 :  3.3336480e-01  9.0840948e-01 
   582 :  4.0010701e-01  1.7912525e-01 
   583 :  3.7503726e-02  8.5747103e-01 
   584 :  1.1468140e-01  7.8578405e-01 
   585 :  2.2546897e-01  6.6004712e-01 
   586 :  4.3015507e-01  8.9059822e-02 
   587 :  5.0162746e-01  8.0964046e-02 
   588 :  2.3933211e-01  3.2126085e-01 
   589 :  1.9633242e-01  9.2640705e-02 
   590 :  1.4490585e-01  9.6536039e-01 
   591 :  7.5733965e-02  8.2187884e-01 
   592 :  6.1162367e-01  2.1995763e-01 
   593 :  3.9918621e-01  7.1862272e-02 
   594 :  3.6041003e-01  2.5381740e-02 
   595 :  2.3244841e-01  5.7586191e-01 
   596 :  2.8448418e-01  1.9654597e-01 
   597 :  4.6896772e-01  8.0490963e-01 
   598 :  3.7659849e-02  7.4918112e-01 
   599 :  2.1090821e-01  3.8961450e-01 
   600 :  7.7713043e-02  4.6552433e-01 
   601 :  1.2427119e-01  2.9916009e-01 
   602 :  8.9289004e-01  8.4381636e-01 
   603 :  6.3192543e-01  3.3529188e-02 
   604 :  4.2701007e-01  2.3446290e-02 
   605 :  2.6125636e-01  9.0248598e-01 
   606 :  7.1452576e-01  9.3797065e-01 
   607 :  5.8708172e-01  1.5760858e-01 
   608 :  3.7842073e-02  7.8545586e-01 
   609 :  2.5321776e-01  1.9634522e-01 
   610 :  3.3819873e-01  8.7865706e-01 
   611 :  8.2106899e-01  3.2643437e-02 
   612 :  2.2416214e-01  8.9967447e-01 
   613 :  6.5691120e-01  7.0186298e-02 
   614 :  2.3167098e-01  4.2811378e-01 
   615 :  6.9338791e-01  1.1908484e-01 
   616 :  3.8253480e-01  7.4746843e-01 
   617 :  1.7883803e-01  2.7142356e-01 
   618 :  2.9876167e-01  2.9677559e-01 
   619 :  2.4943883e-01  7.1026288e-01 
   620 :  8.5719624e-01  9.0635701e-01 
   621 :  5.3994891e-01  1.8765237e-01 
   622 :  1.3557720e-01  2.6009201e-01 
   623 :  2.6088227e-01  5.7297943e-02 
   624 :  7.1441559e-01  9.6900121e-01 
   625 :  7.5008413e-01  9.6891505e-01 
   626 :  7.8576851e-01  9.6885741e-01 
   627 :  8.2146337e-01  9.6881922e-01 
   628 :  8.5716507e-01  9.6879401e-01 
   629 :  8.9287097e-01  9.6877717e-01 
   630 :  9.2857947e-01  9.6876559e-01 
   631 :  9.6428945e-01  9.6875713e-01 
   632 :  7.8644316e-01  2.2024148e-01 
   633 :  8.2180953e-01  2.1979738e-01 
   634 :  8.5733898e-01  2.1945083e-01 
   635 :  8.9295755e-01  2.1919666e-01 
   636 :  9.2862121e-01  2.1901171e-01 
   637 :  9.6430643e-01  2.1887064e-01 
   638 :  3.6674707e-02  9.2888252e-01 
   639 :  3.6196984e-02  9.6445710e-01 
Number of edges 150 
     0 :      0      8 
     1 :      8     22 
     2 :     22      9 
     3 :      9     23 
     4 :     23     10 
     5 :     10     24 
     6 :     24     11 
     7 :     11     25 
     8 :     25     12 
     9 :     12     26 
    10 :     26     13 
    11 :     13     27 
    12 :     27     14 
    13 :     14     28 
    14 :     28     15 
    15 :     15     29 
    16 :     29     16 
    17 :     16     30 
    18 :     30     17 
    19 :     17     31 
    20 :     31     18 
    21 :     18     32 
    22 :     32     19 
    23 :     19     33 
    24 :     33     20 
    25 :     20     34 
    26 :     34     21 
    27 :     21      1 
    28 :      2     35 
    29 :     35     49 
    30 :     49     36 
    31 :     36     50 
    32 :     50     37 
    33 :     37     51 
    34 :     51     38 
    35 :     38     52 
    36 :     52     39 
    37 :     39     53 
    38 :     53     40 
    39 :     40     54 
    40 :     54     41 
    41 :     41     55 
    42 :     55     42 
    43 :     42     56 
    44 :     56     43 
    45 :     43     57 
    46 :     57     44 
    47 :     44     58 
    48 :     58     45 
    49 :     45     59 
    50 :     59     46 
    51 :     46     60 
    52 :     60     47 
    53 :     47     61 
    54 :     61     48 
    55 :     48      0 
    56 :      3     62 
    57 :     62     66 
    58 :     66     63 
    59 :     63     67 
    60 :     67     64 
    61 :     64     68 
    62 :     68     65 
    63 :     65      2 
    64 :      3     69 
    65 :     69     76 
    66 :     76     70 
    67 :     70     77 
    68 :     77     71 
    69 :     71     78 
    70 :     78     72 
    71 :     72     79 
    72 :     79     73 
    73 :     73     80 
    74 :     80     74 
    75 :     74     81 
    76 :     81     75 
    77 :     75      4 
    78 :      4     82 
    79 :     82     93 
    80 :     93     83 
    81 :     83     94 
    82 :     94     84 
    83 :     84     95 
    84 :     95     85 
    85 :     85     96 
    86 :     96     86 
    87 :     86     97 
    88 :     97     87 
    89 :     87     98 
    90 :     98     88 
    91 :     88     99 
    92 :     99     89 
    93 :     89    100 
    94 :    100     90 
    95 :     90    101 
    96 :    101     91 
    97 :     91    102 
    98 :    102     92 
    99 :     92      5 
   100 :      5    103 
   101 :    103    110 
   102 :    110    104 
   103 :    104    111 
   104 :    111    105 
   105 :    105    112 
   106 :    112    106 
   107 :    106    113 
   108 :    113    107 
   109 :    107    114 
   110 :    114    108 
   111 :    108    115 
   112 :    115    109 
   113 :    109      6 
   114 :      7    116 
   115 :    116    120 
   116 :    120    117 
   117 :    117    121 
   118 :    121    118 
   119 :    118    122 
   120 :    122    119 
   121 :    119      6 
   122 :      1    123 
   123 :    123    137 
   124 :    137    124 
   125 :    124    138 
   126 :    138    125 
   127 :    125    139 
   128 :    139    126 
   129 :    126    140 
   130 :    140    127 
   131 :    127    141 
   132 :    141    128 
   133 :    128    142 
   134 :    142    129 
   135 :    129    143 
   136 :    143    130 
   137 :    130    144 
   138 :    144    131 
   139 :    131    145 
   140 :    145    132 
   141 :    132    146 
   142 :    146    133 
   143 :    133    147 
   144 :    147    134 
   145 :    134    148 
   146 :    148    135 
   147 :    135    149 
   148 :    149    136 
   149 :    136      7 
Number of quads 564 
     0 :    301    494     18     32
     1 :    557    561    328    563
     2 :    563    328    170    327
     3 :    475    266    405    503
     4 :    390    608    437    591
     5 :    234    194    488    392
     6 :    176    464    153    455
     7 :    624    554    523    606
     8 :    627    626    260    549
     9 :    216    500    258    307
    10 :    298    400    507    498
    11 :    331    184     73     79
    12 :    189    309    217    191
    13 :    496    329    344    401
    14 :    550    366    411    602
    15 :    319    582    262    165
    16 :    314    592    104    110
    17 :    603    320    131    145
    18 :    462    593    445    586
    19 :    163      5     92    211
    20 :    315    621    334    163
    21 :    164    198    354    587
    22 :     98     87    444    283
    23 :    154    271    167    228
    24 :    191    217    218    183
    25 :    345    161     78     71
    26 :    602    411    364    310
    27 :    310    364    367    350
    28 :    162    253    170    575
    29 :    423    151    324    592
    30 :    319    446    415    582
    31 :    468    353    143    130
    32 :    100     89    430    293
    33 :    228    302    424    511
    34 :    618    327    101     90
    35 :    344    522    160    351
    36 :     66    369    259     62
    37 :    558    357    496    412
    38 :    161    356     72     78
    39 :    264    210    593    462
    40 :    162    575    172    576
    41 :    325    319    165    538
    42 :    418    140    127    422
    43 :    151    336    337    324
    44 :    324    337    105    111
    45 :    337    335    112    105
    46 :    336    150    335    337
    47 :    193    339    340    338
    48 :    338    340     12     26
    49 :    340    305     25     12
    50 :    339    194    305    340
    51 :     61    520    518     47
    52 :    342     95     84    175
    53 :    296    192    232    577
    54 :    196    550    602    373
    55 :    297    298    498    365
    56 :    369    261    546    259
    57 :    523    368    216    355
    58 :    619    342    175    472
    59 :     11     25    305    598
    60 :    590    389    346    477
    61 :    302    579    493    247
    62 :    360    272    425    572
    63 :    579    241    362    493
    64 :    185    506     74     80
    65 :     64    497    323     67
    66 :    620    403    330    366
    67 :    521    410      4     75
    68 :    282    599    178    614
    69 :    349    301    292    271
    70 :    469    318    202    333
    71 :    326    252    219    486
    72 :    320    199    144    131
    73 :    312    188    402    506
    74 :    628    627    549    370
    75 :    372    370    620    551
    76 :    554    308    368    523
    77 :    370    549    403    620
    78 :    322    499    188    312
    79 :    330    191    183    343
    80 :    606    523    355    352
    81 :    360    173    195    272
    82 :    348    515    291    588
    83 :    241     20     34    362
    84 :    495    572    269    166
    85 :    451    363    450    155
    86 :    245    510    544    589
    87 :    528    543    599    282
    88 :     53     40    558    308
    89 :     62    259     69      3
    90 :    248    606    352    309
    91 :    547    159    161    345
    92 :    367    345     71     77
    93 :    631    630    374    187
    94 :    329    158    522    344
    95 :    258    548    499    322
    96 :    546    350     70     76
    97 :     39     53    308    554
    98 :    402    521     75     81
    99 :     40     54    357    558
   100 :    356    331     79     72
   101 :    343    183    159    547
   102 :     67    323    311     63
   103 :    308    558    412    368
   104 :    395    276    382    433
   105 :    570    226    381    571
   106 :    182    379    525    532
   107 :    413    393    375    385
   108 :    433    382    135    149
   109 :    434    286    207    414
   110 :    277    387    393    413
   111 :    117    432    278    120
   112 :    383    313    146    133
   113 :    118    570    571    121
   114 :    113    106    200    632
   115 :    386    383    133    147
   116 :    532    525    387    277
   117 :    181    431    276    395
   118 :    381    436    431    181
   119 :    633    632    435    379
   120 :    200    335    150    224
   121 :    635    634    182    384
   122 :    275    394    434    578
   123 :    119    637    225    122
   124 :    406    279    456    239
   125 :    231    215    476    256
   126 :    553    280    463    458
   127 :    476    542    581    274
   128 :    394    201    286    434
   129 :    122    225    570    118
   130 :    224    150    485    388
   131 :    578    434    414    376
   132 :     56    398    399     42
   133 :     42    399    396     55
   134 :    399    397    158    396
   135 :    398    203    397    399
   136 :    366    330    343    411
   137 :    412    496    401    500
   138 :    159    358    356    161
   139 :    629    628    370    372
   140 :    352    355    190    249
   141 :    249    190    298    297
   142 :    350    367     77     70
   143 :     63    311    369     66
   144 :    280    519    526    463
   145 :    257    583    391    552
   146 :    526    221    541    230
   147 :    266    465    295    405
   148 :    240    483    359    545
   149 :    349    288    494    301
   150 :    139    126    508    564
   151 :    273    289    556    205
   152 :     52     39    554    624
   153 :    626    625    248    260
   154 :    309    352    249    217
   155 :    548    351    250    499
   156 :    375    376    386    611
   157 :    524    433    149    136
   158 :    385    375    611    378
   159 :    634    633    379    182
   160 :    316    128    142    604
   161 :    538    165    281    534
   162 :    353    209    129    143
   163 :    210    467    299    593
   164 :    574    612    605    215
   165 :    565    274    406    303
   166 :    608    598    234    437
   167 :    613    332    603    317
   168 :    223    418    422    540
   169 :    253    491    327    170
   170 :    315    163    211    446
   171 :    407    448    617    622
   172 :    545    359    596    609
   173 :    347     33     20    241
   174 :    156    449    600    568
   175 :    429    428    157    427
   176 :    429    426    156    428
   177 :    361    426     28     15
   178 :    601    360    572    495
   179 :    178     99     88    614
   180 :    572    425    562    269
   181 :    632    200    224    435
   182 :    380    532    277    436
   183 :    377    384    380    226
   184 :    116    524    136      7
   185 :    276    385    378    382
   186 :    393    578    376    375
   187 :    384    182    532    380
   188 :    637    636    377    225
   189 :    388    485    201    394
   190 :    387    275    578    393
   191 :    436    277    413    431
   192 :    120    278    524    116
   193 :    463    526    230    267
   194 :    598    305    194    234
   195 :    157    438    439    427
   196 :    427    439     13     27
   197 :    439    338     26     13
   198 :    438    193    338    439
   199 :    220    254    214    416
   200 :    587    354    501    536
   201 :    326    486    151    423
   202 :    415    251    491    253
   203 :    443    444     87     97
   204 :    595    443     97     86
   205 :    444    442    180    283
   206 :    535    220    416    264
   207 :    284    169    613    207
   208 :    171    197    300    607
   209 :    251    102     91    491
   210 :     85    447    441     96
   211 :    270    442    444    443
   212 :    290    588    293    430
   213 :    494    166     31     18
   214 :    126    140    418    508
   215 :    361    449    156    426
   216 :    429    427     27     14
   217 :    361     15     29    451
   218 :    361    451    155    449
   219 :    552    391    176    420
   220 :    212    453    454    452
   221 :    452    454     82      4
   222 :    454    341     93     82
   223 :    453    174    341    454
   224 :    255    242    222    152
   225 :    392    488    192    502
   226 :     59    236    231     45
   227 :    464    584    404    153
   228 :    177    296    619    504
   229 :    457    504    265    566
   230 :    304    503    519    280
   231 :    502    192    296    177
   232 :    542    573    610    581
   233 :     60    590    477     46
   234 :    153    404    513    242
   235 :    503    405    419    519
   236 :    538    534    198    164
   237 :    171    607    539    621
   238 :    202    536    468    199
   239 :    211     92    102    251
   240 :    638    257    552    294
   241 :    265    472    465    266
   242 :    639    638    294    520
   243 :    303    406    239    459
   244 :    534    586    490    198
   245 :    621    539    314    334
   246 :    539    423    592    314
   247 :    586    445    263    490
   248 :    193    438    474    471
   249 :    472    175    466    465
   250 :    438    157    473    474
   251 :    306    566    475    244
   252 :    256    476    274    565
   253 :     24     11    598    608
   254 :    520    294    235    518
   255 :    623    223    460    478
   256 :    599    290    430    178
   257 :    480    348    588    290
   258 :    205    545    609    238
   259 :    271    292    347    167
   260 :    450    484    481    155
   261 :    484    482    168    481
   262 :    617    448    557    515
   263 :    150    336    487    485
   264 :    485    487    285    201
   265 :    487    486    219    285
   266 :    336    151    486    487
   267 :    194    339    489    488
   268 :    232    192    488    489
   269 :    577    232    559    227
   270 :    339    193    471    489
   271 :    446    211    251    415
   272 :    582    415    253    162
   273 :    445    461    470    263
   274 :    214    460    440    416
   275 :    622    617    509    601
   276 :    154    228    511    289
   277 :    328    596    575    170
   278 :    424    213    245    589
   279 :    373    602    310    261
   280 :    183    218    358    159
   281 :     68    187    497     64
   282 :    499    250    186    188
   283 :    261    310    350    546
   284 :    190    307    400    298
   285 :    411    343    547    364
   286 :     41     55    396    321
   287 :    325    315    446    319
   288 :    534    281    462    586
   289 :    576    172    254    220
   290 :    417    469    333    332
   291 :    519    419    221    526
   292 :    235    420    229    389
   293 :    268    474    473    533
   294 :    513    177    504    457
   295 :    307    258    322    400
   296 :    403    189    191    330
   297 :    368    412    500    216
   298 :    371    551    550    196
   299 :    407    154    289    273
   300 :    166    269     17     31
   301 :    288    495    166    494
   302 :    425    450    363    562
   303 :    195    173    480    543
   304 :    448    479    561    557
   305 :    581    610    553    279
   306 :    518    235    389    590
   307 :    239    456    512    203
   308 :     46    477    236     59
   309 :    478    460    214    246
   310 :    289    511    409    556
   311 :    173    509    348    480
   312 :    595     86     96    441
   313 :     10     24    608    390
   314 :    215    605    542    476
   315 :     23     10    390    583
   316 :    243    306    244    573
   317 :    630    629    372    374
   318 :    497    371    196    323
   319 :    400    322    312    507
   320 :    506    402     81     74
   321 :    571    381    181    432
   322 :    378    611    134    148
   323 :    379    435    208    525
   324 :    414    207    313    383
   325 :    221    453    212    541
   326 :     45    231    256     58
   327 :    459    239    203    398
   328 :      9     23    583    257
   329 :    168    482    528    527
   330 :    527    528    282    180
   331 :    362     34     21    179
   332 :    508    418    223    623
   333 :    160    530    531    505
   334 :    505    531    529    206
   335 :    531    267    230    529
   336 :    530    204    267    531
   337 :    611    386    147    134
   338 :    636    635    384    377
   339 :    208    388    394    275
   340 :    435    224    388    208
   341 :    591    437    584    464
   342 :    466     94     83    616
   343 :    516    268    533    517
   344 :    317    603    145    132
   345 :    440    540    467    210
   346 :    262    576    220    535
   347 :    299    316    604    461
   348 :    158    397    537    522
   349 :    522    537    530    160
   350 :    537    512    204    530
   351 :    397    203    512    537
   352 :    300    197    469    417
   353 :    592    324    111    104
   354 :    416    440    210    264
   355 :    207    613    317    313
   356 :    420    176    455    229
   357 :    391    591    464    176
   358 :    421    255    152    612
   359 :     57    303    459     43
   360 :    179     21      1    123
   361 :    483    254    172    359
   362 :    292     19     33    347
   363 :    359    172    575    596
   364 :    549    260    189    403
   365 :    259    546     76     69
   366 :    187    374    371    497
   367 :    218    297    365    358
   368 :    311    373    261    369
   369 :     65    631    187     68
   370 :    355    216    307    190
   371 :    401    344    351    548
   372 :    365    498    184    331
   373 :    321    396    158    329
   374 :    351    160    505    250
   375 :    186    206    410    521
   376 :    342    447     85     95
   377 :    244    475    503    304
   378 :    456    458    204    512
   379 :    323    196    373    311
   380 :    625    624    606    248
   381 :    500    401    548    258
   382 :    184    185     80     73
   383 :    408    246    483    240
   384 :    543    480    290    599
   385 :    302    247    213    424
   386 :    250    505    206    186
   387 :    507    312    506    185
   388 :    188    186    521    402
   389 :    551    620    366    550
   390 :    517    533    567    580
   391 :    287    270    443    595
   392 :    559    471    474    268
   393 :    555    237    137    124
   394 :    479    238    609    561
   395 :    589    544    408    409
   396 :    404    502    177    513
   397 :    295    616    341    174
   398 :    455    153    242    255
   399 :    156    568    569    428
   400 :    428    569    473    157
   401 :    568    168    567    569
   402 :    382    378    148    135
   403 :    121    571    432    117
   404 :    376    414    383    386
   405 :    226    380    436    381
   406 :    178    430     89     99
   407 :    515    557    563    291
   408 :     44    565    303     57
   409 :    405    295    174    419
   410 :    612    152    243    605
   411 :    566    265    266    475
   412 :    169    417    332    613
   413 :    198    490    263    354
   414 :    422    127    141    594
   415 :    325    538    164    492
   416 :    229    455    255    421
   417 :     47    518    590     60
   418 :    573    244    304    610
   419 :    106    112    335    200
   420 :    432    181    395    278
   421 :    225    377    226    570
   422 :    525    208    275    387
   423 :    272    195    482    484
   424 :    562    363     16     30
   425 :    588    291    618    293
   426 :    247    493    237    555
   427 :    269    562     30     17
   428 :    273    205    238    479
   429 :    511    424    589    409
   430 :    232    489    471    559
   431 :    442    580    527    180
   432 :    580    567    168    527
   433 :    227    516    287    560
   434 :    616     83     93    341
   435 :    465    466    616    295
   436 :    619    585    447    342
   437 :    461    604    209    470
   438 :    313    317    132    146
   439 :    163    334    103      5
   440 :    594    141    128    316
   441 :    407    622    288    349
   442 :    247    555    233    213
   443 :    237    179    123    137
   444 :    272    484    450    425
   445 :    294    552    420    235
   446 :    437    234    392    584
   447 :    175     84     94    466
   448 :    222    457    566    306
   449 :    325    492    197    171
   450 :    467    594    316    299
   451 :    199    468    130    144
   452 :    281    535    264    462
   453 :    228    167    579    302
   454 :    301     32     19    292
   455 :    556    240    545    205
   456 :    510    623    478    544
   457 :    419    174    453    221
   458 :    274    581    279    406
   459 :    491     91    101    327
   460 :    593    299    461    445
   461 :    318    587    536    202
   462 :    460    223    540    440
   463 :    536    501    353    468
   464 :    607    326    423    539
   465 :    325    171    621    315
   466 :    354    263    470    501
   467 :    585    560    441    447
   468 :    517    580    442    270
   469 :    167    347    241    579
   470 :    601    509    173    360
   471 :    407    349    271    154
   472 :    212    452    597    541
   473 :    541    597    529    230
   474 :    597    410    206    529
   475 :    452      4    410    597
   476 :     22      9    257    638
   477 :    584    392    502    404
   478 :    236    574    215    231
   479 :    458    463    267    204
   480 :     43    459    398     56
   481 :    560    287    595    441
   482 :    622    601    495    288
   483 :    482    195    543    528
   484 :    514    564    510    245
   485 :    155    481    600    449
   486 :    429     14     28    426
   487 :     29     16    363    451
   488 :    481    168    568    600
   489 :    233    138    125    514
   490 :    509    617    515    348
   491 :    498    507    185    184
   492 :     54     41    321    357
   493 :    357    321    329    496
   494 :    492    164    587    318
   495 :    607    300    252    326
   496 :    332    333    320    603
   497 :    252    300    417    169
   498 :    582    162    576    262
   499 :    477    346    574    236
   500 :    504    619    472    265
   501 :    583    390    591    391
   502 :    364    547    345    367
   503 :    217    249    297    218
   504 :    334    314    110    103
   505 :    197    492    318    469
   506 :    540    422    594    467
   507 :    610    304    280    553
   508 :    389    229    421    346
   509 :     58    256    565     44
   510 :    346    421    612    574
   511 :    516    517    270    287
   512 :    227    559    268    516
   513 :    291    563    327    618
   514 :    409    408    240    556
   515 :    152    222    306    243
   516 :    242    513    457    222
   517 :    431    413    385    276
   518 :    278    395    433    524
   519 :    279    553    458    456
   520 :    605    243    573    542
   521 :     48    639    520     61
   522 :    333    202    199    320
   523 :    501    470    209    353
   524 :    564    508    623    510
   525 :    614     88     98    283
   526 :    283    180    282    614
   527 :    207    286    615    284
   528 :    284    615    285    219
   529 :    286    201    285    615
   530 :    533    473    569    567
   531 :    619    296    577    585
   532 :    544    478    246    408
   533 :    493    362    179    237
   534 :    555    124    138    233
   535 :    213    233    514    245
   536 :    246    214    254    483
   537 :    618     90    100    293
   538 :    407    273    479    448
   539 :    577    227    560    585
   540 :    374    372    551    371
   541 :    358    365    331    356
   542 :    260    248    309    189
   543 :    219    252    169    284
   544 :    165    262    535    281
   545 :    604    142    129    209
   546 :    125    139    564    514
   547 :    561    609    596    328
   548 :     38     52    624    625
   549 :     51     38    625    626
   550 :     37     51    626    627
   551 :     50     37    627    628
   552 :     36     50    628    629
   553 :     49     36    629    630
   554 :     35     49    630    631
   555 :      2     35    631     65
   556 :    107    113    632    633
   557 :    114    107    633    634
   558 :    108    114    634    635
   559 :    115    108    635    636
   560 :    109    115    636    637
   561 :      6    109    637    119
   562 :      8     22    638    639
   563 :      0      8    639     48
Number of domains 8
  Domain :      0 
  Name : Symmetry
  Number of elements :     28
     0     1     2     3     4     5     6     7     8     9
    10    11    12    13    14    15    16    17    18    19
    20    21    22    23    24    25    26    27
  Domain :      1 
  Name : Entity 1 
  Number of elements :     28
    28    29    30    31    32    33    34    35    36    37
    38    39    40    41    42    43    44    45    46    47
    48    49    50    51    52    53    54    55
  Domain :      2 
  Name : Entity 2 
  Number of elements :      8
    56    57    58    59    60    61    62    63
  Domain :      3 
  Name : Entity 3 
  Number of elements :     14
    64    65    66    67    68    69    70    71    72    73
    74    75    76    77
  Domain :      4 
  Name : Entity 4 
  Number of elements :     22
    78    79    80    81    82    83    84    85    86    87
    88    89    90    91    92    93    94    95    96    97
    98    99
  Domain :      5 
  Name : Entity 5 
  Number of elements :     14
   100   101   102   103   104   105   106   107   108   109
   110   111   112   113
  Domain :      6 
  Name : Entity 6 
  Number of elements :      8
   114   115   116   117   118   119   120   121
  Domain :      7 
  Name : Bottom
  Number of elements :     28
   122   123   124   125   126   127   128   129   130   131
   132   133   134   135   136   137   138   139   140   141
   142   143   144   145   146   147   148   149
