Number of nodes 640 
     0 :  0.0000000e+00  1.0000000e+00 
     1 :  0.0000000e+00  0.0000000e+00 
     2 :  1.0000000e+00  1.0000000e+00 
     3 :  1.0000000e+00  7.5000000e-01 
     4 :  5.0000000e-01  7.5000000e-01 
     5 :  5.0000000e-01  2.5000000e-01 
     6 :  1.0000000e+00  2.5000000e-01 
     7 :  1.0000000e+00  0.0000000e+00 
     8 :  0.0000000e+00  9.6428571e-01 
     9 :  0.0000000e+00  8.9285714e-01 
    10 :  0.0000000e+00  8.2142857e-01 
    11 :  0.0000000e+00  7.5000000e-01 
    12 :  0.0000000e+00  6.7857143e-01 
    13 :  0.0000000e+00  6.0714286e-01 
    14 :  0.0000000e+00  5.3571429e-01 
    15 :  0.0000000e+00  4.6428571e-01 
    16 :  0.0000000e+00  3.9285714e-01 
    17 :  0.0000000e+00  3.2142857e-01 
    18 :  0.0000000e+00  2.5000000e-01 
    19 :  0.0000000e+00  1.7857143e-01 
    20 :  0.0000000e+00  1.0714286e-01 
    21 :  0.0000000e+00  3.5714286e-02 
    22 :  0.0000000e+00  9.2857143e-01 
    23 :  0.0000000e+00  8.5714286e-01 
    24 :  0.0000000e+00  7.8571429e-01 
    25 :  0.0000000e+00  7.1428571e-01 
    26 :  0.0000000e+00  6.4285714e-01 
    27 :  0.0000000e+00  5.7142857e-01 
    28 :  0.0000000e+00  5.0000000e-01 
    29 :  0.0000000e+00  4.2857143e-01 
    30 :  0.0000000e+00  3.5714286e-01 
    31 :  0.0000000e+00  2.8571429e-01 
    32 :  0.0000000e+00  2.1428571e-01 
    33 :  0.0000000e+00  1.4285714e-01 
    34 :  0.0000000e+00  7.1428571e-02 
    35 :  9.6428571e-01  1.0000000e+00 
    36 :  8.9285714e-01  1.0000000e+00 
    37 :  8.2142857e-01  1.0000000e+00 
    38 :  7.5000000e-01  1.0000000e+00 
    39 :  6.7857143e-01  1.0000000e+00 
    40 :  6.0714286e-01  1.0000000e+00 
    41 :  5.3571429e-01  1.0000000e+00 
    42 :  4.6428571e-01  1.0000000e+00 
    43 :  3.9285714e-01  1.0000000e+00 
    44 :  3.2142857e-01  1.0000000e+00 
    45 :  2.5000000e-01  1.0000000e+00 
    46 :  1.7857143e-01  1.0000000e+00 
    47 :  1.0714286e-01  1.0000000e+00 
    48 :  3.5714286e-02  1.0000000e+00 
    49 :  9.2857143e-01  1.0000000e+00 
    50 :  8.5714286e-01  1.0000000e+00 
    51 :  7.8571429e-01  1.0000000e+00 
    52 :  7.1428571e-01  1.0000000e+00 
    53 :  6.4285714e-01  1.0000000e+00 
    54 :  5.7142857e-01  1.0000000e+00 
    55 :  5.0000000e-01  1.0000000e+00 
    56 :  4.2857143e-01  1.0000000e+00 
    57 :  3.5714286e-01  1.0000000e+00 
    58 :  2.8571429e-01  1.0000000e+00 
    59 :  2.1428571e-01  1.0000000e+00 
    60 :  1.4285714e-01  1.0000000e+00 
    61 :  7.1428571e-02  1.0000000e+00 
    62 :  1.0000000e+00  7.8125000e-01 
    63 :  1.0000000e+00  8.4375000e-01 
    64 :  1.0000000e+00  9.0625000e-01 
    65 :  1.0000000e+00  9.6875000e-01 
    66 :  1.0000000e+00  8.1250000e-01 
    67 :  1.0000000e+00  8.7500000e-01 
    68 :  1.0000000e+00  9.3750000e-01 
    69 :  9.6428571e-01  7.5000000e-01 
    70 :  8.9285714e-01  7.5000000e-01 
    71 :  8.2142857e-01  7.5000000e-01 
    72 :  7.5000000e-01  7.5000000e-01 
    73 :  6.7857143e-01  7.5000000e-01 
    74 :  6.0714286e-01  7.5000000e-01 
    75 :  5.3571429e-01  7.5000000e-01 
    76 :  9.2857143e-01  7.5000000e-01 
    77 :  8.5714286e-01  7.5000000e-01 
    78 :  7.8571429e-01  7.5000000e-01 
    79 :  7.1428571e-01  7.5000000e-01 
    80 :  6.4285714e-01  7.5000000e-01 
    81 :  5.7142857e-01  7.5000000e-01 
    82 :  4.6442129e-01  7.4745536e-01 
    83 :  3.9614625e-01  7.2740800e-01 
    84 :  3.3628482e-01  6.8893739e-01 
    85 :  2.8968662e-01  6.3516020e-01 
    86 :  2.6012676e-01  5.7043314e-01 
    87 :  2.5000000e-01  5.0000000e-01 
    88 :  2.6012676e-01  4.2956686e-01 
    89 :  2.8968662e-01  3.6483980e-01 
    90 :  3.3628482e-01  3.1106261e-01 
    91 :  3.9614625e-01  2.7259200e-01 
    92 :  4.6442129e-01  2.5254464e-01 
    93 :  4.2956686e-01  7.3987324e-01 
    94 :  3.6483980e-01  7.1031338e-01 
    95 :  3.1106261e-01  6.6371518e-01 
    96 :  2.7259200e-01  6.0385375e-01 
    97 :  2.5254464e-01  5.3557871e-01 
    98 :  2.5254464e-01  4.6442129e-01 
    99 :  2.7259200e-01  3.9614625e-01 
   100 :  3.1106261e-01  3.3628482e-01 
   101 :  3.6483980e-01  2.8968662e-01 
   102 :  4.2956686e-01  2.6012676e-01 
   103 :  5.3571429e-01  2.5000000e-01 
   104 :  6.0714286e-01  2.5000000e-01 
   105 :  6.7857143e-01  2.5000000e-01 
   106 :  7.5000000e-01  2.5000000e-01 
   107 :  8.2142857e-01  2.5000000e-01 
   108 :  8.9285714e-01  2.5000000e-01 
   109 :  9.6428571e-01  2.5000000e-01 
   110 :  5.7142857e-01  2.5000000e-01 
   111 :  6.4285714e-01  2.5000000e-01 
   112 :  7.1428571e-01  2.5000000e-01 
   113 :  7.8571429e-01  2.5000000e-01 
   114 :  8.5714286e-01  2.5000000e-01 
   115 :  9.2857143e-01  2.5000000e-01 
   116 :  1.0000000e+00  3.1250000e-02 
   117 :  1.0000000e+00  9.3750000e-02 
   118 :  1.0000000e+00  1.5625000e-01 
   119 :  1.0000000e+00  2.1875000e-01 
   120 :  1.0000000e+00  6.2500000e-02 
   121 :  1.0000000e+00  1.2500000e-01 
   122 :  1.0000000e+00  1.8750000e-01 
   123 :  3.5714286e-02  0.0000000e+00 
   124 :  1.0714286e-01  0.0000000e+00 
   125 :  1.7857143e-01  0.0000000e+00 
   126 :  2.5000000e-01  0.0000000e+00 
   127 :  3.2142857e-01  0.0000000e+00 
   128 :  3.9285714e-01  0.0000000e+00 
   129 :  4.6428571e-01  0.0000000e+00 
   130 :  5.3571429e-01  0.0000000e+00 
   131 :  6.0714286e-01  0.0000000e+00 
   132 :  6.7857143e-01  0.0000000e+00 
   133 :  7.5000000e-01  0.0000000e+00 
   134 :  8.2142857e-01  0.0000000e+00 
   135 :  8.9285714e-01  0.0000000e+00 
   136 :  9.6428571e-01  0.0000000e+00 
   137 :  7.1428571e-02  0.0000000e+00 
   138 :  1.4285714e-01  0.0000000e+00 
   139 :  2.1428571e-01  0.0000000e+00 
   140 :  2.8571429e-01  0.0000000e+00 
   141 :  3.5714286e-01  0.0000000e+00 
   142 :  4.2857143e-01  0.0000000e+00 
   143 :  5.0000000e-01  0.0000000e+00 
   144 :  5.7142857e-01  0.0000000e+00 
   145 :  6.4285714e-01  0.0000000e+00 
   146 :  7.1428571e-01  0.0000000e+00 
   147 :  7.8571429e-01  0.0000000e+00 
   148 :  8.5714286e-01  0.0000000e+00 
   149 :  9.2857143e-01  0.0000000e+00 
   150 :  7.1854597e-01  1.9245231e-01 
   151 :  6.5176564e-01  1.9157248e-01 
   152 :  4.1367118e-01  8.3191803e-01 
   153 :  7.5731733e-02  8.2187851e-01 
   154 :  6.0482702e-02  4.3576853e-01 
   155 :  5.9066008e-02  4.9451327e-01 
   156 :  6.5668563e-02  5.6350968e-01 
   157 :  5.0281558e-01  9.4115856e-01 
   158 :  6.7894107e-01  9.3821143e-01 
   159 :  5.0468394e-01  8.8268293e-01 
   160 :  6.4317622e-01  7.8204056e-01 
   161 :  4.5904346e-01  2.3761518e-02 
   162 :  5.3994882e-01  1.8765265e-01 
   163 :  4.1334161e-01  1.1867377e-01 
   164 :  4.8301661e-01  5.0041452e-02 
   165 :  1.5258478e-01  3.4315114e-01 
   166 :  2.3933130e-01  3.2126040e-01 
   167 :  1.2017125e-01  4.6600704e-01 
   168 :  2.1787020e-01  2.8125300e-01 
   169 :  4.9441338e-01  1.8870029e-01 
   170 :  3.2591318e-01  2.2605791e-01 
   171 :  5.7507329e-01  2.1937519e-01 
   172 :  3.1753802e-01  1.6503040e-01 
   173 :  1.3557731e-01  2.6009086e-01 
   174 :  3.9995764e-01  7.7975348e-01 
   175 :  3.8253464e-01  7.4746816e-01 
   176 :  2.2415947e-01  8.9967419e-01 
   177 :  3.9915673e-01  9.4126315e-01 
   178 :  2.4275586e-01  3.9300982e-01 
   179 :  8.0873685e-02  1.0418149e-01 
   180 :  2.0219168e-01  5.8125132e-01 
   181 :  1.9427408e-01  4.6510859e-01 
   182 :  8.5701415e-01  6.4046447e-02 
   183 :  8.5746473e-01  1.8882590e-01 
   184 :  6.4367756e-01  8.7667820e-01 
   185 :  6.7877573e-01  7.8172516e-01 
   186 :  5.7220269e-01  7.8374249e-01 
   187 :  7.8581374e-01  8.1270970e-01 
   188 :  9.6429223e-01  9.3751321e-01 
   189 :  8.2151172e-01  8.4392175e-01 
   190 :  7.1452564e-01  9.3797053e-01 
   191 :  7.1441665e-01  7.8154227e-01 
   192 :  5.7330469e-01  8.4794503e-01 
   193 :  1.4737770e-01  6.6872328e-01 
   194 :  7.2407751e-02  9.6466830e-01 
   195 :  7.0666115e-02  6.3681169e-01 
   196 :  7.4608526e-02  7.1127537e-01 
   197 :  5.7318251e-01  9.0937048e-01 
   198 :  5.4661097e-01  1.5511797e-01 
   199 :  4.9137017e-01  2.5592758e-02 
   200 :  3.9423230e-01  2.4215435e-02 
   201 :  8.9282676e-01  6.3428730e-02 
   202 :  7.1968963e-01  1.3663109e-01 
   203 :  3.9016089e-01  1.5222674e-01 
   204 :  4.3371445e-01  9.4177339e-01 
   205 :  4.3862395e-01  8.8527198e-01 
   206 :  2.7309321e-01  2.5747842e-01 
   207 :  5.0390896e-01  8.2395958e-01 
   208 :  6.9916329e-01  7.8258583e-02 
   209 :  7.5209857e-01  1.3275870e-01 
   210 :  5.2499030e-01  2.7919509e-02 
   211 :  3.8110839e-01  2.4618310e-01 
   212 :  4.4253094e-01  7.9388596e-01 
   213 :  1.5231839e-01  2.1563494e-01 
   214 :  1.5961336e-01  9.7114250e-02 
   215 :  3.0656314e-01  1.0967576e-01 
   216 :  1.8592237e-01  6.6539440e-01 
   217 :  2.5350500e-01  9.6743281e-01 
   218 :  7.8584478e-01  9.0651350e-01 
   219 :  7.5008384e-01  7.8143226e-01 
   220 :  8.9288972e-01  8.4381617e-01 
   221 :  6.6371474e-01  1.3533049e-01 
   222 :  5.9572799e-01  3.1792817e-02 
   223 :  3.7253453e-01  8.8210252e-01 
   224 :  3.3819743e-01  8.7865644e-01 
   225 :  2.9579715e-01  5.5151138e-02 
   226 :  7.5277622e-01  1.6225245e-01 
   227 :  7.4983743e-01  1.0221568e-01 
   228 :  8.9281830e-01  3.1758538e-02 
   229 :  1.9598691e-01  5.4322621e-01 
   230 :  1.1513166e-01  3.3655502e-01 
   231 :  3.8727473e-02  7.0453162e-02 
   232 :  1.8386539e-01  9.3175494e-01 
   233 :  4.4263759e-01  8.3335185e-01 
   234 :  2.1168956e-01  6.1956902e-01 
   235 :  3.7153452e-02  3.5192416e-02 
   236 :  3.9599656e-01  9.7050679e-01 
   237 :  2.2064912e-01  9.3320974e-01 
   238 :  1.8668521e-01  8.9737634e-01 
   239 :  2.0250002e-01  3.1454876e-01 
   240 :  2.2563449e-01  5.9585972e-02 
   241 :  1.0708033e-01  3.7331307e-01 
   242 :  2.5321756e-01  1.9634337e-01 
   243 :  2.3815821e-01  1.1727767e-01 
   244 :  2.9941430e-01  7.3896651e-01 
   245 :  1.1016028e-01  9.2983472e-01 
   246 :  3.9059753e-01  8.0279250e-01 
   247 :  1.2098365e-01  1.0132167e-01 
   248 :  9.1635095e-02  2.1599347e-01 
   249 :  2.3172963e-01  8.8746386e-02 
   250 :  7.8581423e-01  9.3769956e-01 
   251 :  5.3875181e-01  8.8060640e-01 
   252 :  5.3836563e-01  9.1057323e-01 
   253 :  6.0765518e-01  9.6634662e-02 
   254 :  5.7996957e-01  1.8854855e-01 
   255 :  4.2700980e-01  2.3446005e-02 
   256 :  4.6225110e-01  9.3415621e-02 
   257 :  3.1216719e-01  1.3706931e-01 
   258 :  3.5080900e-01  8.2148550e-01 
   259 :  4.0957796e-01  8.5740771e-01 
   260 :  1.5436000e-01  7.8705321e-01 
   261 :  7.5015510e-01  9.3780778e-01 
   262 :  7.5021964e-01  8.7545086e-01 
   263 :  9.6429212e-01  8.1251323e-01 
   264 :  7.8576796e-01  7.8136444e-01 
   265 :  4.5780411e-01  2.2576748e-01 
   266 :  3.9918552e-01  7.1861130e-02 
   267 :  3.6041004e-01  2.5380903e-02 
   268 :  3.5937844e-01  7.9474071e-01 
   269 :  1.9260075e-01  8.2690195e-01 
   270 :  4.4084430e-01  8.5844607e-01 
   271 :  3.6996047e-01  7.6986047e-01 
   272 :  1.3151955e-01  5.5267855e-01 
   273 :  4.2217362e-02  1.4178720e-01 
   274 :  8.8903573e-02  1.7701704e-01 
   275 :  1.5326965e-01  6.4864887e-02 
   276 :  3.3336349e-01  9.0840904e-01 
   277 :  8.2183363e-01  1.2821839e-01 
   278 :  7.5237144e-01  1.9149155e-01 
   279 :  7.8658358e-01  1.3002862e-01 
   280 :  8.5747232e-01  1.5804774e-01 
   281 :  3.7121665e-02  8.9323473e-01 
   282 :  4.0242109e-01  9.1247639e-01 
   283 :  6.3169610e-01  1.3072691e-01 
   284 :  4.8529334e-01  1.0623160e-01 
   285 :  2.0080136e-01  4.2631799e-01 
   286 :  2.2481863e-01  4.6476076e-01 
   287 :  6.7359056e-01  1.0786815e-01 
   288 :  6.9158378e-01  1.3988710e-01 
   289 :  7.1567490e-01  1.0861426e-01 
   290 :  2.1720665e-01  2.1235025e-01 
   291 :  4.0441932e-02  1.0592679e-01 
   292 :  2.7611418e-01  3.2780856e-01 
   293 :  3.3664237e-01  7.5668242e-01 
   294 :  6.0841329e-01  8.7756573e-01 
   295 :  9.6428916e-01  7.8125718e-01 
   296 :  4.3015397e-01  8.9059101e-02 
   297 :  6.5691153e-01  7.0186254e-02 
   298 :  1.4233305e-01  3.8008984e-01 
   299 :  1.6445826e-01  3.0693510e-01 
   300 :  3.6069053e-01  9.6996001e-01 
   301 :  3.2910103e-01  9.3864044e-01 
   302 :  3.7164456e-02  7.1277478e-01 
   303 :  3.0853438e-01  8.4371927e-01 
   304 :  7.8585540e-01  8.7528899e-01 
   305 :  6.0760725e-01  9.6955118e-01 
   306 :  8.9288969e-01  9.0631592e-01 
   307 :  9.2858576e-01  8.1252904e-01 
   308 :  5.7339370e-01  8.7885521e-01 
   309 :  8.5716455e-01  7.8129503e-01 
   310 :  7.0796364e-01  3.7193447e-02 
   311 :  3.8122490e-01  1.2624715e-01 
   312 :  4.4992218e-01  1.9742839e-01 
   313 :  4.9730326e-01  2.2046875e-01 
   314 :  4.2673801e-01  6.8253834e-02 
   315 :  3.6168586e-01  1.8770338e-01 
   316 :  4.0997498e-01  2.0689509e-01 
   317 :  3.7387194e-01  1.0087227e-01 
   318 :  5.3674081e-01  9.7021669e-01 
   319 :  7.5020298e-01  8.4417547e-01 
   320 :  6.0829218e-01  9.0840866e-01 
   321 :  6.4714340e-01  2.2064550e-01 
   322 :  3.3028837e-01  5.2956250e-02 
   323 :  4.5450533e-01  4.6420074e-02 
   324 :  3.2934466e-01  2.6272781e-01 
   325 :  2.3376820e-01  2.5002588e-01 
   326 :  8.5719987e-01  8.7511628e-01 
   327 :  6.0764080e-01  7.8261413e-01 
   328 :  6.0800809e-01  9.3904181e-01 
   329 :  3.2579842e-01  2.6569714e-02 
   330 :  6.3192554e-01  3.3529217e-02 
   331 :  6.1686426e-01  1.9000755e-01 
   332 :  7.1656219e-01  2.2111795e-01 
   333 :  6.8533908e-01  1.9266789e-01 
   334 :  6.8197661e-01  2.2113566e-01 
   335 :  3.5329751e-02  6.3993698e-01 
   336 :  7.2867523e-02  6.7397460e-01 
   337 :  3.6361132e-02  6.7632804e-01 
   338 :  4.1293931e-01  7.5932389e-01 
   339 :  2.8437027e-01  6.8423260e-01 
   340 :  3.1784266e-01  7.1176339e-01 
   341 :  9.2859017e-01  9.0628778e-01 
   342 :  7.1460180e-01  8.4441933e-01 
   343 :  7.1462690e-01  8.7570141e-01 
   344 :  7.4316046e-02  8.9374040e-01 
   345 :  2.5037435e-01  1.7111877e-01 
   346 :  2.8227255e-01  1.6841297e-01 
   347 :  4.1080277e-02  2.8935307e-01 
   348 :  8.2151208e-01  9.0641884e-01 
   349 :  6.4316276e-01  9.6930683e-01 
   350 :  8.2149204e-01  8.1263240e-01 
   351 :  7.6910129e-02  3.3072241e-01 
   352 :  2.6651546e-01  8.5468229e-02 
   353 :  5.5906657e-01  1.2351552e-01 
   354 :  9.6429420e-01  9.0626714e-01 
   355 :  9.6429412e-01  8.4376721e-01 
   356 :  8.5718304e-01  8.1258297e-01 
   357 :  9.2859168e-01  8.7504091e-01 
   358 :  4.3769729e-02  1.7821157e-01 
   359 :  1.9633241e-01  9.2638388e-02 
   360 :  2.8829816e-02  4.6464836e-01 
   361 :  2.0371853e-01  1.2242479e-01 
   362 :  3.3268481e-02  3.9722300e-01 
   363 :  8.9288210e-01  8.1255077e-01 
   364 :  9.6429486e-01  8.7501856e-01 
   365 :  8.9289236e-01  8.7507147e-01 
   366 :  7.1452791e-01  8.1302801e-01 
   367 :  8.2151878e-01  8.7518432e-01 
   368 :  8.5718335e-01  9.3758151e-01 
   369 :  9.2857919e-01  7.8126573e-01 
   370 :  8.9288212e-01  9.3755035e-01 
   371 :  9.2859014e-01  8.4378787e-01 
   372 :  9.2858582e-01  9.3752895e-01 
   373 :  5.7288968e-01  8.1635653e-01 
   374 :  7.8705415e-01  1.6041547e-01 
   375 :  9.6431995e-01  1.8772449e-01 
   376 :  9.6430060e-01  9.4055393e-02 
   377 :  9.2857044e-01  6.3024530e-02 
   378 :  9.2863541e-01  1.2571680e-01 
   379 :  7.4749102e-01  3.5009001e-02 
   380 :  7.8474321e-01  3.3538247e-02 
   381 :  8.5735404e-01  1.2703313e-01 
   382 :  9.2859970e-01  9.4425009e-02 
   383 :  7.5133927e-01  2.2073395e-01 
   384 :  8.9302700e-01  1.5737251e-01 
   385 :  8.2208327e-01  1.5902639e-01 
   386 :  8.2101414e-01  6.5044164e-02 
   387 :  8.2106905e-01  3.2643699e-02 
   388 :  7.3384814e-02  9.2927618e-01 
   389 :  1.1436785e-01  7.4815082e-01 
   390 :  7.5639281e-02  7.4849040e-01 
   391 :  1.8116803e-01  9.6590598e-01 
   392 :  9.6428906e-01  6.2736417e-02 
   393 :  8.9302136e-01  1.8833843e-01 
   394 :  8.5716294e-01  9.5708716e-02 
   395 :  5.0146829e-01  9.7055548e-01 
   396 :  4.6820420e-01  9.4169179e-01 
   397 :  4.3116844e-01  9.7078332e-01 
   398 :  4.6629617e-01  9.7077967e-01 
   399 :  6.4360559e-01  9.0770323e-01 
   400 :  8.5719562e-01  9.0635694e-01 
   401 :  5.7273489e-01  9.3967133e-01 
   402 :  7.8584449e-01  8.4402069e-01 
   403 :  3.0264699e-01  8.7444910e-01 
   404 :  2.9770413e-01  9.0551825e-01 
   405 :  3.7502360e-02  8.5747118e-01 
   406 :  8.2442345e-02  2.9359451e-01 
   407 :  2.7224128e-01  1.1332092e-01 
   408 :  1.1118476e-01  3.3661874e-02 
   409 :  5.0171348e-01  7.9237247e-01 
   410 :  5.3868123e-01  8.5029989e-01 
   411 :  6.7877105e-01  9.6912730e-01 
   412 :  9.6428432e-01  3.1378848e-02 
   413 :  7.8448444e-01  6.6748278e-02 
   414 :  5.1405538e-01  5.4857914e-02 
   415 :  4.4170803e-01  1.0822012e-01 
   416 :  4.1978507e-01  2.3438110e-01 
   417 :  2.9072848e-01  2.7696805e-02 
   418 :  2.5720431e-01  9.3495078e-01 
   419 :  3.8334949e-01  8.2773998e-01 
   420 :  1.5304801e-01  8.2417755e-01 
   421 :  4.0010612e-01  1.7912414e-01 
   422 :  5.7156601e-01  9.2929666e-02 
   423 :  3.5926017e-02  3.6179971e-01 
   424 :  3.1416553e-02  5.3222447e-01 
   425 :  3.2866949e-02  5.6769940e-01 
   426 :  6.2762311e-02  5.2798985e-01 
   427 :  2.9813394e-02  4.9774895e-01 
   428 :  2.5762354e-01  3.5961713e-01 
   429 :  9.2865325e-01  1.8798884e-01 
   430 :  8.5701779e-01  3.2098716e-02 
   431 :  9.6431410e-01  1.2532593e-01 
   432 :  7.8695384e-01  1.9041360e-01 
   433 :  8.9297438e-01  1.2625047e-01 
   434 :  8.2138829e-01  9.6923210e-02 
   435 :  3.7747666e-01  8.5429746e-01 
   436 :  6.8242579e-02  5.9993227e-01 
   437 :  3.4155648e-02  6.0368767e-01 
   438 :  6.1999085e-01  6.5868144e-02 
   439 :  2.4375524e-01  6.1204902e-01 
   440 :  1.9309467e-01  5.0459710e-01 
   441 :  2.2550489e-01  5.3925794e-01 
   442 :  2.2285476e-01  5.0212522e-01 
   443 :  5.0162658e-01  8.0964093e-02 
   444 :  5.3488271e-01  8.8280167e-02 
   445 :  2.6023729e-01  6.4817964e-01 
   446 :  2.7773879e-01  1.4089427e-01 
   447 :  2.8448366e-01  1.9654407e-01 
   448 :  5.5660445e-02  4.6502152e-01 
   449 :  6.6212479e-02  4.0243870e-01 
   450 :  3.0637066e-02  4.3163107e-01 
   451 :  4.6007851e-01  7.8206349e-01 
   452 :  4.2495352e-01  7.8735619e-01 
   453 :  4.3962405e-01  7.6961298e-01 
   454 :  7.5961390e-02  7.8539023e-01 
   455 :  2.2803059e-01  8.6580299e-01 
   456 :  1.1300764e-01  8.5883268e-01 
   457 :  3.7841358e-02  7.8545572e-01 
   458 :  3.0106255e-01  8.2439584e-02 
   459 :  5.4808444e-01  5.9266295e-02 
   460 :  4.3944166e-01  1.6884564e-01 
   461 :  3.2498403e-01  7.8425032e-01 
   462 :  1.9701208e-01  7.5066849e-01 
   463 :  2.7804889e-01  8.0440653e-01 
   464 :  1.5448130e-01  7.4856955e-01 
   465 :  6.1162394e-01  2.1995773e-01 
   466 :  4.0445316e-01  9.5331018e-02 
   467 :  5.8385560e-01  6.2651157e-02 
   468 :  3.4709582e-01  1.3227992e-01 
   469 :  1.0612449e-01  6.3337899e-01 
   470 :  9.8582415e-02  5.5848696e-01 
   471 :  1.0233546e-01  5.9571297e-01 
   472 :  1.4700189e-01  9.3063873e-01 
   473 :  3.1579695e-01  8.1352167e-01 
   474 :  1.9533790e-01  7.8990510e-01 
   475 :  1.9697208e-01  2.3802078e-01 
   476 :  2.4652477e-01  2.2184282e-01 
   477 :  2.2388978e-01  3.5468904e-01 
   478 :  1.9391465e-01  1.9071418e-01 
   479 :  9.0013014e-02  4.4365951e-01 
   480 :  1.3263774e-01  4.1882315e-01 
   481 :  9.9365800e-02  4.0951538e-01 
   482 :  7.1987822e-01  1.6424527e-01 
   483 :  6.5710529e-01  1.6303883e-01 
   484 :  6.8864199e-01  1.6517610e-01 
   485 :  1.1276587e-01  7.0987429e-01 
   486 :  1.0978125e-01  6.7147080e-01 
   487 :  6.2342313e-01  1.6024061e-01 
   488 :  4.2538627e-01  1.4287058e-01 
   489 :  5.1823746e-01  1.1831961e-01 
   490 :  3.8545161e-02  3.2579490e-01 
   491 :  8.7846391e-02  2.5543421e-01 
   492 :  1.2427119e-01  2.9915888e-01 
   493 :  7.5015524e-01  8.1283202e-01 
   494 :  6.7910076e-01  8.7608770e-01 
   495 :  8.2149262e-01  9.3762831e-01 
   496 :  6.7906361e-01  8.4480551e-01 
   497 :  6.7905701e-01  9.0721156e-01 
   498 :  4.9134762e-01  1.5299563e-01 
   499 :  2.9338567e-01  9.3682863e-01 
   500 :  4.1843970e-01  8.0846626e-01 
   501 :  3.7764644e-02  8.2155337e-01 
   502 :  5.0479790e-01  8.5352155e-01 
   503 :  5.3690130e-01  7.8621261e-01 
   504 :  5.3804694e-01  8.1916891e-01 
   505 :  2.5540231e-01  2.8808042e-02 
   506 :  7.4243781e-02  3.4544100e-02 
   507 :  1.6748812e-01  1.2924369e-01 
   508 :  2.3064613e-01  1.9471791e-01 
   509 :  4.3621200e-01  9.1317941e-01 
   510 :  1.1467861e-01  7.8578357e-01 
   511 :  2.1986263e-01  2.9979606e-02 
   512 :  1.8889543e-01  3.4931842e-01 
   513 :  1.3631708e-01  5.9106170e-01 
   514 :  1.8962339e-01  8.6254056e-01 
   515 :  2.1738897e-01  9.6660433e-01 
   516 :  7.5133329e-02  8.5797121e-01 
   517 :  8.9287065e-01  7.8127751e-01 
   518 :  5.0393970e-01  9.1186346e-01 
   519 :  6.7894941e-01  8.1334682e-01 
   520 :  9.6432227e-01  1.5654686e-01 
   521 :  7.8554960e-01  9.8900891e-02 
   522 :  2.6586062e-01  8.6996358e-01 
   523 :  1.5118908e-01  8.6027618e-01 
   524 :  1.6025887e-01  4.6546734e-01 
   525 :  1.6760716e-01  4.2364397e-01 
   526 :  4.7186917e-01  8.3015401e-01 
   527 :  4.7136819e-01  8.8453521e-01 
   528 :  4.7220941e-01  8.5685596e-01 
   529 :  8.9289157e-01  9.4937762e-02 
   530 :  1.5237900e-01  7.0871692e-01 
   531 :  6.6899122e-01  3.5501639e-02 
   532 :  3.4076382e-01  1.0562993e-01 
   533 :  4.2618099e-01  4.6363549e-02 
   534 :  4.6994063e-01  9.1288635e-01 
   535 :  4.4778970e-01  8.2910865e-02 
   536 :  4.5066999e-01  6.6790957e-02 
   537 :  4.6047246e-01  1.2864402e-01 
   538 :  4.4349893e-01  8.1116420e-01 
   539 :  2.4314877e-01  7.5684108e-01 
   540 :  4.4433179e-02  2.1525856e-01 
   541 :  2.5639654e-01  2.8908787e-01 
   542 :  1.7807463e-01  1.6092335e-01 
   543 :  7.5020276e-01  9.0665838e-01 
   544 :  6.0806953e-01  8.1477742e-01 
   545 :  6.4362416e-01  8.4541982e-01 
   546 :  7.1459993e-01  9.0687910e-01 
   547 :  6.4344813e-01  8.1387601e-01 
   548 :  5.7212546e-01  9.6986182e-01 
   549 :  3.6822617e-01  9.1082096e-01 
   550 :  2.7131068e-01  8.3729693e-01 
   551 :  3.6433527e-01  9.4017839e-01 
   552 :  5.3765648e-01  9.4041517e-01 
   553 :  1.4781725e-01  3.2519872e-02 
   554 :  7.7356124e-02  6.9181150e-02 
   555 :  2.4465968e-01  1.4485982e-01 
   556 :  2.8190938e-01  2.2605012e-01 
   557 :  6.0834017e-01  8.4639873e-01 
   558 :  1.6439221e-01  5.4758669e-01 
   559 :  2.3739269e-01  7.9546185e-01 
   560 :  1.2764291e-01  1.3610481e-01 
   561 :  1.1568697e-01  6.7340073e-02 
   562 :  1.1410302e-01  8.2264561e-01 
   563 :  3.2518464e-01  9.6920448e-01 
   564 :  1.2686706e-01  5.1310434e-01 
   565 :  8.8376785e-02  4.8778754e-01 
   566 :  9.4559253e-02  5.2200033e-01 
   567 :  9.2865763e-01  1.5689936e-01 
   568 :  8.2206084e-01  1.8950631e-01 
   569 :  1.3688102e-01  1.7286783e-01 
   570 :  1.0864440e-01  9.6495721e-01 
   571 :  1.4490496e-01  9.6536021e-01 
   572 :  3.2221861e-01  1.9429447e-01 
   573 :  3.5410605e-01  1.5953248e-01 
   574 :  1.9528841e-01  7.0818383e-01 
   575 :  2.2546784e-01  6.6004625e-01 
   576 :  7.4623971e-01  6.9968627e-02 
   577 :  2.1090796e-01  3.8961374e-01 
   578 :  4.3259590e-02  2.5248009e-01 
   579 :  1.6086521e-01  5.0783729e-01 
   580 :  3.5055913e-01  7.3203627e-01 
   581 :  3.7013190e-01  2.1683587e-01 
   582 :  4.0586755e-01  8.8440952e-01 
   583 :  1.4912007e-01  8.9567689e-01 
   584 :  5.8708219e-01  1.5760863e-01 
   585 :  4.7394780e-01  7.2889514e-02 
   586 :  2.1224191e-01  1.5074701e-01 
   587 :  1.8403462e-01  3.1240463e-02 
   588 :  2.8945202e-01  9.6832931e-01 
   589 :  2.6125461e-01  9.0248563e-01 
   590 :  3.6394329e-01  5.0600585e-02 
   591 :  6.4222799e-01  1.0090369e-01 
   592 :  3.3519807e-01  7.9260687e-02 
   593 :  2.3244829e-01  5.7586124e-01 
   594 :  1.8986521e-01  6.2145566e-02 
   595 :  4.6896750e-01  8.0490933e-01 
   596 :  3.4389054e-01  8.4958727e-01 
   597 :  7.1556115e-02  3.6706412e-01 
   598 :  7.7712747e-02  4.6552379e-01 
   599 :  2.2174450e-01  1.7586544e-01 
   600 :  8.2146281e-01  7.8132200e-01 
   601 :  5.9665701e-01  1.2704956e-01 
   602 :  5.5996619e-01  3.0033988e-02 
   603 :  1.1164311e-01  8.9450785e-01 
   604 :  6.4342437e-01  9.3855919e-01 
   605 :  3.9610630e-01  4.8203989e-02 
   606 :  2.8685295e-01  7.7136568e-01 
   607 :  1.6985910e-01  5.8627052e-01 
   608 :  1.4168661e-01  6.2955368e-01 
   609 :  1.7883783e-01  2.7142263e-01 
   610 :  2.3239231e-01  8.3127496e-01 
   611 :  9.2856194e-01  3.1536465e-02 
   612 :  3.7659272e-02  7.4918071e-01 
   613 :  3.6825639e-01  7.5716384e-02 
   614 :  2.3167079e-01  4.2811332e-01 
   615 :  6.9338828e-01  1.1908492e-01 
   616 :  1.7710665e-01  6.2515661e-01 
   617 :  1.7728712e-01  3.8548447e-01 
   618 :  2.9876093e-01  2.9677532e-01 
   619 :  2.4943676e-01  7.1026205e-01 
   620 :  8.5719546e-01  8.4385794e-01 
   621 :  5.3708860e-01  2.1923683e-01 
   622 :  8.4825726e-02  1.3993789e-01 
   623 :  2.6088157e-01  5.7295812e-02 
   624 :  7.1441551e-01  9.6900116e-01 
   625 :  7.5008400e-01  9.6891506e-01 
   626 :  7.8576846e-01  9.6885732e-01 
   627 :  8.2146332e-01  9.6881913e-01 
   628 :  8.5716485e-01  9.6879398e-01 
   629 :  8.9287071e-01  9.6877720e-01 
   630 :  9.2857925e-01  9.6876570e-01 
   631 :  9.6428926e-01  9.6875722e-01 
   632 :  7.8644317e-01  2.2024144e-01 
   633 :  8.2180969e-01  2.1979742e-01 
   634 :  8.5733902e-01  2.1945095e-01 
   635 :  8.9295731e-01  2.1919675e-01 
   636 :  9.2862105e-01  2.1901178e-01 
   637 :  9.6430636e-01  2.1887056e-01 
   638 :  3.6674266e-02  9.2888256e-01 
   639 :  3.6196632e-02  9.6445709e-01 
Number of edges 150 
     0 :      0      8 
     1 :      8     22 
     2 :     22      9 
     3 :      9     23 
     4 :     23     10 
     5 :     10     24 
     6 :     24     11 
     7 :     11     25 
     8 :     25     12 
     9 :     12     26 
    10 :     26     13 
    11 :     13     27 
    12 :     27     14 
    13 :     14     28 
    14 :     28     15 
    15 :     15     29 
    16 :     29     16 
    17 :     16     30 
    18 :     30     17 
    19 :     17     31 
    20 :     31     18 
    21 :     18     32 
    22 :     32     19 
    23 :     19     33 
    24 :     33     20 
    25 :     20     34 
    26 :     34     21 
    27 :     21      1 
    28 :      2     35 
    29 :     35     49 
    30 :     49     36 
    31 :     36     50 
    32 :     50     37 
    33 :     37     51 
    34 :     51     38 
    35 :     38     52 
    36 :     52     39 
    37 :     39     53 
    38 :     53     40 
    39 :     40     54 
    40 :     54     41 
    41 :     41     55 
    42 :     55     42 
    43 :     42     56 
    44 :     56     43 
    45 :     43     57 
    46 :     57     44 
    47 :     44     58 
    48 :     58     45 
    49 :     45     59 
    50 :     59     46 
    51 :     46     60 
    52 :     60     47 
    53 :     47     61 
    54 :     61     48 
    55 :     48      0 
    56 :      3     62 
    57 :     62     66 
    58 :     66     63 
    59 :     63     67 
    60 :     67     64 
    61 :     64     68 
    62 :     68     65 
    63 :     65      2 
    64 :      3     69 
    65 :     69     76 
    66 :     76     70 
    67 :     70     77 
    68 :     77     71 
    69 :     71     78 
    70 :     78     72 
    71 :     72     79 
    72 :     79     73 
    73 :     73     80 
    74 :     80     74 
    75 :     74     81 
    76 :     81     75 
    77 :     75      4 
    78 :      4     82 
    79 :     82     93 
    80 :     93     83 
    81 :     83     94 
    82 :     94     84 
    83 :     84     95 
    84 :     95     85 
    85 :     85     96 
    86 :     96     86 
    87 :     86     97 
    88 :     97     87 
    89 :     87     98 
    90 :     98     88 
    91 :     88     99 
    92 :     99     89 
    93 :     89    100 
    94 :    100     90 
    95 :     90    101 
    96 :    101     91 
    97 :     91    102 
    98 :    102     92 
    99 :     92      5 
   100 :      5    103 
   101 :    103    110 
   102 :    110    104 
   103 :    104    111 
   104 :    111    105 
   105 :    105    112 
   106 :    112    106 
   107 :    106    113 
   108 :    113    107 
   109 :    107    114 
   110 :    114    108 
   111 :    108    115 
   112 :    115    109 
   113 :    109      6 
   114 :      7    116 
   115 :    116    120 
   116 :    120    117 
   117 :    117    121 
   118 :    121    118 
   119 :    118    122 
   120 :    122    119 
   121 :    119      6 
   122 :      1    123 
   123 :    123    137 
   124 :    137    124 
   125 :    124    138 
   126 :    138    125 
   127 :    125    139 
   128 :    139    126 
   129 :    126    140 
   130 :    140    127 
   131 :    127    141 
   132 :    141    128 
   133 :    128    142 
   134 :    142    129 
   135 :    129    143 
   136 :    143    130 
   137 :    130    144 
   138 :    144    131 
   139 :    131    145 
   140 :    145    132 
   141 :    132    146 
   142 :    146    133 
   143 :    133    147 
   144 :    147    134 
   145 :    134    148 
   146 :    148    135 
   147 :    135    149 
   148 :    149    136 
   149 :    136      7 
Number of quads 564 
     0 :    490    423     30     17
     1 :    126    140    417    505
     2 :    511    505    623    240
     3 :    303    473    258    596
     4 :    457    612    390    454
     5 :     47    570    571     60
     6 :    562    510    260    420
     7 :    627    626    250    495
     8 :    630    629    370    372
     9 :    348    218    304    367
    10 :    319    342    366    493
    11 :    185    160     80     73
    12 :    341    306    365    357
    13 :    604    328    320    399
    14 :    197    252    251    308
    15 :    460    421    203    488
    16 :    313    621    103      5
    17 :    531    330    145    132
    18 :    353    489    444    422
    19 :    171    465    104    110
    20 :    198    584    254    162
    21 :    199    161    129    143
    22 :    569    560    507    542
    23 :     98     87    442    286
    24 :    364    357    371    355
    25 :    264    219     72     78
    26 :    371    220    363    307
    27 :    307    363    517    369
    28 :    416    102     91    211
    29 :    169    162    621    313
    30 :    465    321    111    104
    31 :    532    592    613    317
    32 :    569    274    622    560
    33 :    561    408    553    275
    34 :    100     89    428    292
    35 :    546    497    494    343
    36 :    557    192    373    544
    37 :    625    624    190    261
    38 :    219    191     79     72
    39 :    605    200    255    533
    40 :    315    572    172    573
    41 :    498    460    488    537
    42 :    613    590    605    266
    43 :    151    333    334    321
    44 :    321    334    105    111
    45 :    334    332    112    105
    46 :    333    150    332    334
    47 :    195    336    337    335
    48 :    335    337     12     26
    49 :    337    302     25     12
    50 :    336    196    302    337
    51 :    612    302    196    390
    52 :    574    530    193    216
    53 :    244    340    580    293
    54 :    357    365    220    371
    55 :    320    197    308    294
    56 :    402    319    493    187
    57 :    192    410    504    373
    58 :    580     94     83    175
    59 :    339     95     84    340
    60 :    619    574    216    575
    61 :    291     20     34    231
    62 :    230    241    597    351
    63 :    561    554    506    408
    64 :    620    189    350    356
    65 :    327    186     81     74
    66 :    401    552    252    197
    67 :     64    354    364     67
    68 :    541    206    324    618
    69 :    358     19     33    273
    70 :    297    438    330    531
    71 :    198    353    601    584
    72 :    330    222    131    145
    73 :     54     41    318    548
    74 :    547    544    327    160
    75 :    631    630    372    188
    76 :    368    495    348    400
    77 :    626    625    261    250
    78 :    495    250    218    348
    79 :    496    545    547    519
    80 :     67    364    355     63
    81 :    173    492    406    491
    82 :    168    325    206    541
    83 :    408    506    137    124
    84 :    597    449    362    423
    85 :    360     15     29    450
    86 :    360    450    154    448
    87 :    512    239    166    477
    88 :    411    349    604    158
    89 :     53     40    305    349
    90 :    504    207    409    503
    91 :    190    158    497    546
    92 :    356    350    600    309
    93 :    600    264     78     71
    94 :     41     55    395    318
    95 :    328    401    197    320
    96 :    184    294    557    545
    97 :    369    517     70     76
    98 :     39     53    349    411
    99 :    186    503     75     81
   100 :     40     54    548    305
   101 :    191    185     73     79
   102 :    220    620    356    363
   103 :    497    399    184    494
   104 :    394    434    386    182
   105 :    182    386    387    430
   106 :    280    385    277    381
   107 :    432    278    226    374
   108 :    227    289    208    576
   109 :    228    430    148    135
   110 :    377    201    228    611
   111 :    277    279    521    434
   112 :    529    394    182    201
   113 :    379    310    146    133
   114 :    384    280    381    433
   115 :    113    106    383    632
   116 :    387    380    147    134
   117 :    374    226    209    279
   118 :    434    521    413    386
   119 :    431    378    382    376
   120 :    633    632    432    568
   121 :    383    332    150    278
   122 :    634    633    568    183
   123 :    209    202    289    227
   124 :    300    551    177    236
   125 :    550    463    473    303
   126 :    435    419    152    259
   127 :    119    637    375    122
   128 :    376    382    377    392
   129 :    122    375    520    118
   130 :    520    567    378    431
   131 :     56    397    398     42
   132 :     42    398    395     55
   133 :    398    396    157    395
   134 :    397    204    396    398
   135 :    263    307    369    295
   136 :    252    518    159    251
   137 :    158    604    399    497
   138 :    350    187    264    600
   139 :     65    631    188     68
   140 :    400    348    367    326
   141 :    326    367    189    620
   142 :    517    309     77     70
   143 :    588    499    301    563
   144 :    419    246    500    152
   145 :    405    501    153    516
   146 :    152    500    538    233
   147 :    275    553    587    594
   148 :    299    609    168    239
   149 :    248    491    578    540
   150 :    623    225    458    352
   151 :    552    157    518    252
   152 :     52     39    411    624
   153 :    629    628    368    370
   154 :    306    400    326    365
   155 :    567    384    433    378
   156 :    116    412    136      7
   157 :    611    228    135    149
   158 :    576    208    310    379
   159 :    316    416    211    581
   160 :    591    253    438    297
   161 :    488    203    311    163
   162 :    592    322    590    613
   163 :    352    458    215    407
   164 :    515    237    418    217
   165 :    563    301    551    300
   166 :    414    164    199    210
   167 :    438    467    222    330
   168 :    317    613    266    466
   169 :    315    581    170    572
   170 :    231     34     21    235
   171 :    173    609    299    492
   172 :    556    447    572    170
   173 :    247    179    554    561
   174 :    424     14     28    427
   175 :    424    426    156    425
   176 :    360    427     28     15
   177 :    155    448    598    565
   178 :    178    428     89     99
   179 :    178     99     88    614
   180 :    413    576    379    380
   181 :    632    383    278    432
   182 :    385    374    279    277
   183 :    375    429    567    520
   184 :    412    611    149    136
   185 :    386    413    380    387
   186 :    392    377    611    412
   187 :    183    568    385    280
   188 :    635    634    183    393
   189 :    121    431    376    117
   190 :    279    209    227    521
   191 :    378    433    529    382
   192 :    639    638    388    194
   193 :    259    152    233    270
   194 :    156    436    437    425
   195 :    425    437     13     27
   196 :    437    335     26     13
   197 :    436    195    335    437
   198 :    256    535    536    585
   199 :    533    255    161    323
   200 :    458    225    322    592
   201 :    498    198    162    169
   202 :    441    442     87     97
   203 :    619    575    445    339
   204 :    593    441     97     86
   205 :    442    440    181    286
   206 :    193    530    485    486
   207 :    208    297    531    310
   208 :    498    489    353    198
   209 :    312    265    416    316
   210 :    311    468    532    317
   211 :    293    580    175    271
   212 :     85    445    439     96
   213 :    272    470    566    564
   214 :    423    362     16     30
   215 :    359    249    243    361
   216 :    285    577    178    614
   217 :    360    448    155    427
   218 :     29     16    362    450
   219 :    450    362    449    154
   220 :    583    523    514    238
   221 :    212    452    453    451
   222 :    451    453     82      4
   223 :    453    338     93     82
   224 :    452    174    338    453
   225 :    474    462    539    559
   226 :    510    389    464    260
   227 :    514    269    610    455
   228 :    539    619    244    606
   229 :    224    596    435    223
   230 :    472    583    238    232
   231 :    403    303    596    224
   232 :     60    571    391     46
   233 :    571    472    232    391
   234 :    596    258    419    435
   235 :    236    177    204    397
   236 :     48    639    194     61
   237 :    584    601    283    487
   238 :    225    417    329    322
   239 :    169    313    265    312
   240 :    329    127    141    267
   241 :     23     10    501    405
   242 :     57    300    236     43
   243 :    418    589    404    499
   244 :     58    588    563     44
   245 :    584    487    331    254
   246 :    487    483    151    331
   247 :    585    536    323    164
   248 :    314    533    323    536
   249 :    195    436    471    469
   250 :    193    486    469    608
   251 :    608    469    471    513
   252 :    436    156    470    471
   253 :     61    194    570     47
   254 :    454    390    389    510
   255 :     44    563    300     57
   256 :    523    420    269    514
   257 :    206    556    170    324
   258 :    622    273    291    179
   259 :    560    622    179    247
   260 :    617    512    477    577
   261 :    449    481    479    154
   262 :    481    480    167    479
   263 :    274    358    273    622
   264 :    150    333    484    482
   265 :    482    484    288    202
   266 :    484    483    221    288
   267 :    333    151    483    484
   268 :    196    336    486    485
   269 :    638    281    344    388
   270 :    336    195    469    486
   271 :    498    169    312    460
   272 :    313      5     92    265
   273 :    459    414    210    602
   274 :    322    329    267    590
   275 :    505    417    225    623
   276 :    345    346    447    242
   277 :    507    214    359    361
   278 :    355    371    307    263
   279 :    189    402    187    350
   280 :     68    188    354     64
   281 :    545    557    544    547
   282 :     66    263    295     62
   283 :    367    304    402    189
   284 :    537    488    163    415
   285 :    163    311    317    466
   286 :    255    142    129    161
   287 :    621    171    110    103
   288 :    499    404    276    301
   289 :    246    174    452    500
   290 :    603    456    523    583
   291 :    344    516    456    603
   292 :    309    600     71     77
   293 :    294    308    192    557
   294 :    262    343    342    319
   295 :    354    341    357    364
   296 :    553    138    125    587
   297 :    247    561    275    214
   298 :    213    248    274    569
   299 :    351    597    423    490
   300 :    578    347     31     18
   301 :    281    405    516    344
   302 :    388    344    603    245
   303 :    559    539    606    463
   304 :    301    276    549    551
   305 :    241    298    480    481
   306 :    477    166    292    428
   307 :    506    235    123    137
   308 :    446    257    172    346
   309 :    607    558    229    180
   310 :    570    245    472    571
   311 :    462    574    619    539
   312 :    391    232    237    515
   313 :      9     23    405    281
   314 :    365    326    620    220
   315 :    366    519    185    191
   316 :    544    373    186    327
   317 :     63    355    263     66
   318 :    120    392    412    116
   319 :    106    112    332    383
   320 :    433    381    394    529
   321 :    278    150    482    226
   322 :    464    530    574    462
   323 :    463    606    461    473
   324 :     59    515    217     45
   325 :    500    452    212    538
   326 :    167    480    525    524
   327 :    524    525    285    181
   328 :    609    475    325    168
   329 :    159    527    528    502
   330 :    502    528    526    207
   331 :    528    270    233    526
   332 :    527    205    270    528
   333 :    568    432    374    385
   334 :    637    636    429    375
   335 :    229    440    442    441
   336 :    211     91    101    324
   337 :    215    458    592    532
   338 :    444    443    414    459
   339 :    537    415    256    284
   340 :    157    396    534    518
   341 :    518    534    527    159
   342 :    534    509    205    527
   343 :    396    204    509    534
   344 :    310    531    132    146
   345 :    466    266    314    296
   346 :    415    163    466    296
   347 :    287    591    297    208
   348 :    389    485    530    464
   349 :    232    238    176    237
   350 :    194    388    245    570
   351 :     24     11    612    457
   352 :    298    165    512    617
   353 :    554    231    235    506
   354 :    599    345    242    508
   355 :    525    617    577    285
   356 :    342    496    519    366
   357 :    410    502    207    504
   358 :    370    368    400    306
   359 :    548    318    552    401
   360 :    295    369     76     69
   361 :    305    548    401    328
   362 :    373    504    503    186
   363 :    304    262    319    402
   364 :    494    184    545    496
   365 :    250    261    543    218
   366 :     62    295     69      3
   367 :    188    372    341    354
   368 :    575    234    439    445
   369 :    276    224    223    549
   370 :     46    391    515     59
   371 :    543    546    343    262
   372 :    493    366    191    219
   373 :    349    305    328    604
   374 :    251    159    502    410
   375 :    325    476    556    206
   376 :    478    599    508    290
   377 :    273     33     20    291
   378 :    363    356    309    517
   379 :    399    320    294    184
   380 :    628    627    495    368
   381 :    218    543    262    304
   382 :    456    562    420    523
   383 :    616    608    513    607
   384 :    408    124    138    553
   385 :    492    230    351    406
   386 :    240    623    352    249
   387 :    179    291    231    554
   388 :     43    236    397     56
   389 :    558    272    564    579
   390 :    155    565    566    426
   391 :    426    566    470    156
   392 :    565    167    564    566
   393 :    226    482    202    209
   394 :    393    183    280    384
   395 :    430    387    134    148
   396 :    636    635    393    429
   397 :    347    490     17     31
   398 :    213    475    609    173
   399 :    139    126    505    511
   400 :    260    464    462    474
   401 :    549    223    582    282
   402 :     10     24    457    501
   403 :    522    550    303    403
   404 :    284    256    585    443
   405 :    254    331    465    171
   406 :    590    267    200    605
   407 :    601    353    422    253
   408 :    216    616    234    575
   409 :    473    461    268    258
   410 :    268    271    174    246
   411 :    381    277    434    394
   412 :    382    529    201    377
   413 :    380    379    133    147
   414 :    492    299    165    230
   415 :    239    168    541    166
   416 :    540    578     18     32
   417 :    243    407    446    555
   418 :    214    275    594    359
   419 :    249    352    407    243
   420 :    166    541    618    292
   421 :    607    513    272    558
   422 :    440    579    524    181
   423 :    579    564    167    524
   424 :    619    339    340    244
   425 :    177    282    509    204
   426 :    461    293    271    268
   427 :    175     83     93    338
   428 :    266    605    533    314
   429 :    203    573    468    311
   430 :    421    316    581    315
   431 :    581    211    324    170
   432 :    491    406    347    578
   433 :    577    477    428    178
   434 :    165    299    239    512
   435 :    516    153    562    456
   436 :    271    175    338    174
   437 :    340     84     94    580
   438 :    339    445     85     95
   439 :    331    151    321    465
   440 :    221    283    591    287
   441 :    443    585    164    414
   442 :    265     92    102    416
   443 :    542    507    361    586
   444 :    560    247    214    507
   445 :    241    481    449    597
   446 :    390    196    485    389
   447 :    223    435    259    582
   448 :    176    455    522    589
   449 :    582    259    270    205
   450 :    200    128    142    255
   451 :    417    140    127    329
   452 :    415    296    535    256
   453 :    267    141    128    200
   454 :    162    254    171    621
   455 :    468    257    215    532
   456 :    489    284    443    444
   457 :    164    323    161    199
   458 :    593     86     96    439
   459 :    245    603    583    472
   460 :    586    555    345    599
   461 :    125    139    511    587
   462 :    346    172    572    447
   463 :    406    351    490    347
   464 :    212    451    595    538
   465 :    538    595    526    233
   466 :    595    409    207    526
   467 :    451      4    409    595
   468 :    455    610    550    522
   469 :    404    403    224    276
   470 :    589    522    403    404
   471 :     22      9    281    638
   472 :    248    540    358    274
   473 :    475    290    476    325
   474 :    555    446    346    345
   475 :    154    479    598    448
   476 :    424    425     27     14
   477 :    424    427    155    426
   478 :    479    167    565    598
   479 :    540     32     19    358
   480 :    235     21      1    123
   481 :    213    173    491    248
   482 :    519    547    160    185
   483 :    308    251    410    192
   484 :    160    327     74     80
   485 :    487    283    221    483
   486 :    296    314    536    535
   487 :    460    312    316    421
   488 :    222    602    144    131
   489 :    283    601    253    591
   490 :    258    268    246    419
   491 :    153    454    510    562
   492 :    269    474    559    610
   493 :    624    411    158    190
   494 :    343    494    496    342
   495 :    318    395    157    552
   496 :    503    409      4     75
   497 :    422    444    459    467
   498 :    421    315    573    203
   499 :    210    199    143    130
   500 :    282    582    205    509
   501 :    420    260    474    269
   502 :     45    217    588     58
   503 :    501    457    454    153
   504 :    616    607    180    234
   505 :    230    165    298    241
   506 :    361    243    555    586
   507 :    513    471    470    272
   508 :     11     25    302    612
   509 :    234    180    593    439
   510 :    478    542    586    599
   511 :    237    176    589    418
   512 :    217    418    499    588
   513 :    429    393    384    567
   514 :    117    376    392    120
   515 :    118    520    431    121
   516 :    521    227    576    413
   517 :    201    182    430    228
   518 :    610    559    463    550
   519 :    551    549    282    177
   520 :    606    244    293    461
   521 :    498    537    284    489
   522 :    467    459    602    222
   523 :    480    298    617    525
   524 :    614     88     98    286
   525 :    286    181    285    614
   526 :    208    289    615    287
   527 :    287    615    288    221
   528 :    289    202    288    615
   529 :    558    579    440    229
   530 :    180    229    441    593
   531 :    216    193    608    616
   532 :    407    215    257    446
   533 :    213    569    542    478
   534 :    213    478    290    475
   535 :    290    508    242    476
   536 :    618     90    100    292
   537 :    618    324    101     90
   538 :    476    242    447    556
   539 :    238    514    455    176
   540 :    372    370    306    341
   541 :    187    493    219    264
   542 :    261    190    546    543
   543 :    253    422    467    438
   544 :    573    172    257    468
   545 :    602    210    130    144
   546 :    594    240    249    359
   547 :    587    511    240    594
   548 :     38     52    624    625
   549 :     51     38    625    626
   550 :     37     51    626    627
   551 :     50     37    627    628
   552 :     36     50    628    629
   553 :     49     36    629    630
   554 :     35     49    630    631
   555 :      2     35    631     65
   556 :    107    113    632    633
   557 :    114    107    633    634
   558 :    108    114    634    635
   559 :    115    108    635    636
   560 :    109    115    636    637
   561 :      6    109    637    119
   562 :      8     22    638    639
   563 :      0      8    639     48
Number of domains 8
  Domain :      0 
  Name : Symmetry
  Number of elements :     28
     0     1     2     3     4     5     6     7     8     9
    10    11    12    13    14    15    16    17    18    19
    20    21    22    23    24    25    26    27
  Domain :      1 
  Name : Top
  Number of elements :     28
    28    29    30    31    32    33    34    35    36    37
    38    39    40    41    42    43    44    45    46    47
    48    49    50    51    52    53    54    55
  Domain :      2 
  Name : Entity 2 
  Number of elements :      8
    56    57    58    59    60    61    62    63
  Domain :      3 
  Name : Entity 3 
  Number of elements :     14
    64    65    66    67    68    69    70    71    72    73
    74    75    76    77
  Domain :      4 
  Name : Entity 4 
  Number of elements :     22
    78    79    80    81    82    83    84    85    86    87
    88    89    90    91    92    93    94    95    96    97
    98    99
  Domain :      5 
  Name : Entity 5 
  Number of elements :     14
   100   101   102   103   104   105   106   107   108   109
   110   111   112   113
  Domain :      6 
  Name : Entity 6 
  Number of elements :      8
   114   115   116   117   118   119   120   121
  Domain :      7 
  Name : Bottom
  Number of elements :     28
   122   123   124   125   126   127   128   129   130   131
   132   133   134   135   136   137   138   139   140   141
   142   143   144   145   146   147   148   149
