Number of nodes 78 
     0 :  0.0000000e+00  0.0000000e+00 
     1 :  1.0000000e+01  0.0000000e+00 
     2 :  1.0000000e+01  5.0000000e+00 
     3 :  0.0000000e+00  5.0000000e+00 
     4 :  1.0000000e+00  0.0000000e+00 
     5 :  2.0000000e+00  0.0000000e+00 
     6 :  3.0000000e+00  0.0000000e+00 
     7 :  4.0000000e+00  0.0000000e+00 
     8 :  5.0000000e+00  0.0000000e+00 
     9 :  6.0000000e+00  0.0000000e+00 
    10 :  7.0000000e+00  0.0000000e+00 
    11 :  8.0000000e+00  0.0000000e+00 
    12 :  9.0000000e+00  0.0000000e+00 
    13 :  1.0000000e+01  1.0000000e+00 
    14 :  1.0000000e+01  2.0000000e+00 
    15 :  1.0000000e+01  3.0000000e+00 
    16 :  1.0000000e+01  4.0000000e+00 
    17 :  9.0000000e+00  5.0000000e+00 
    18 :  8.0000000e+00  5.0000000e+00 
    19 :  7.0000000e+00  5.0000000e+00 
    20 :  6.0000000e+00  5.0000000e+00 
    21 :  5.0000000e+00  5.0000000e+00 
    22 :  4.0000000e+00  5.0000000e+00 
    23 :  3.0000000e+00  5.0000000e+00 
    24 :  2.0000000e+00  5.0000000e+00 
    25 :  1.0000000e+00  5.0000000e+00 
    26 :  0.0000000e+00  4.0000000e+00 
    27 :  0.0000000e+00  3.0000000e+00 
    28 :  0.0000000e+00  2.0000000e+00 
    29 :  0.0000000e+00  1.0000000e+00 
    30 :  3.5000000e+00  8.2615732e-01 
    31 :  6.5153850e+00  4.0934059e+00 
    32 :  4.6127326e+00  4.0547706e+00 
    33 :  2.5010705e+00  4.1842727e+00 
    34 :  7.5867257e+00  8.9629612e-01 
    35 :  5.4684029e+00  8.4778281e-01 
    36 :  6.7369482e-01  2.5000000e+00 
    37 :  9.1386933e+00  2.4918270e+00 
    38 :  1.5042374e+00  8.4677205e-01 
    39 :  8.4081744e+00  4.0943028e+00 
    40 :  9.1535146e+00  1.5037410e+00 
    41 :  8.1858873e+00  1.8433736e+00 
    42 :  8.2679492e+00  3.0000000e+00 
    43 :  7.4019238e+00  2.5000000e+00 
    44 :  7.4382218e+00  3.5029726e+00 
    45 :  6.5385292e+00  3.0160631e+00 
    46 :  6.5358984e+00  2.0000000e+00 
    47 :  5.6845946e+00  2.4943908e+00 
    48 :  5.6091815e+00  3.4970575e+00 
    49 :  4.8038476e+00  3.0000000e+00 
    50 :  3.8370608e+00  3.2966024e+00 
    51 :  3.9990726e+00  2.3412003e+00 
    52 :  3.0425395e+00  2.7390079e+00 
    53 :  6.5289839e+00  1.0058160e+00 
    54 :  4.4947338e+00  8.2196421e-01 
    55 :  4.8944384e+00  1.8076754e+00 
    56 :  1.5043024e+00  4.1562830e+00 
    57 :  2.1425396e+00  3.2656746e+00 
    58 :  2.5007062e+00  8.5067982e-01 
    59 :  1.9913975e+00  1.6313182e+00 
    60 :  3.0637709e+00  1.7509255e+00 
    61 :  8.9095198e-01  1.5757782e+00 
    62 :  9.1752684e+00  3.4686176e+00 
    63 :  8.5090935e+00  8.3166349e-01 
    64 :  9.2767676e-01  3.4033265e+00 
    65 :  3.4949151e+00  4.1836820e+00 
    66 :  5.5000000e+00  4.3237144e+00 
    67 :  7.4723562e+00  4.3381363e+00 
    68 :  7.3014428e+00  1.6740381e+00 
    69 :  3.9904032e+00  1.5095845e+00 
    70 :  1.5597923e+00  2.4664783e+00 
    71 :  3.0036251e+00  3.5338479e+00 
    72 :  5.8224636e+00  1.6311330e+00 
    73 :  7.3205081e-01  7.3205081e-01 
    74 :  7.3205081e-01  4.2679492e+00 
    75 :  9.2679492e+00  4.2679492e+00 
    76 :  9.2679492e+00  7.3205081e-01 
    77 :  2.3600080e+00  2.3706809e+00 
Number of edges 30 
     0 :      0      4 
     1 :      4      5 
     2 :      5      6 
     3 :      6      7 
     4 :      7      8 
     5 :      8      9 
     6 :      9     10 
     7 :     10     11 
     8 :     11     12 
     9 :     12      1 
    10 :      1     13 
    11 :     13     14 
    12 :     14     15 
    13 :     15     16 
    14 :     16      2 
    15 :      2     17 
    16 :     17     18 
    17 :     18     19 
    18 :     19     20 
    19 :     20     21 
    20 :     21     22 
    21 :     22     23 
    22 :     23     24 
    23 :     24     25 
    24 :     25      3 
    25 :      3     26 
    26 :     26     27 
    27 :     27     28 
    28 :     28     29 
    29 :     29      0 
Number of triangles 124 
     0 :     41     34     63
     1 :     48     32     49
     2 :     34     41     68
     3 :     49     51     55
     4 :     42     39     44
     5 :     32     48     66
     6 :     57     64     70
     7 :     61     59     70
     8 :     47     49     55
     9 :     64     36     70
    10 :     36     61     70
    11 :     44     39     67
    12 :     49     32     50
    13 :     51     52     60
    14 :     44     31     45
    15 :     57     52     71
    16 :     52     57     77
    17 :     45     31     48
    18 :     51     60     69
    19 :     57     56     64
    20 :     38     59     61
    21 :     40     41     63
    22 :     46     53     68
    23 :     39     42     62
    24 :     55     51     69
    25 :     49     50     51
    26 :     53     46     72
    27 :     53     34     68
    28 :     51     50     52
    29 :     31     44     67
    30 :     54     35     55
    31 :     35      9     53
    32 :      8     35     54
    33 :     14     15     37
    34 :     10     34     53
    35 :      8      9     35
    36 :     10     11     34
    37 :      9     10     53
    38 :     23     24     33
    39 :     21     22     32
    40 :     33     24     56
    41 :     33     56     57
    42 :     27     28     36
    43 :     24     25     56
    44 :      7      8     54
    45 :     17     18     39
    46 :     46     45     47
    47 :     47     45     48
    48 :     19     20     31
    49 :     43     45     46
    50 :     47     48     49
    51 :     43     44     45
    52 :     43     42     44
    53 :     41     42     43
    54 :     41     37     42
    55 :      4      5     38
    56 :      6      7     30
    57 :      5      6     58
    58 :     14     37     40
    59 :     40     37     41
    60 :     38      5     58
    61 :      6     30     58
    62 :     38     58     59
    63 :     30      7     54
    64 :     13     14     40
    65 :     50     32     65
    66 :     59     58     60
    67 :     42     37     62
    68 :     15     16     62
    69 :     11     12     63
    70 :     28     29     61
    71 :     26     27     64
    72 :     58     30     60
    73 :     23     33     65
    74 :     32     22     65
    75 :     48     31     66
    76 :     34     11     63
    77 :     36     28     61
    78 :     27     36     64
    79 :     37     15     62
    80 :     33     57     71
    81 :     21     32     66
    82 :     31     20     66
    83 :     39     18     67
    84 :     19     31     67
    85 :     41     43     68
    86 :     54     55     69
    87 :     35     53     72
    88 :      0      4     73
    89 :     25      3     74
    90 :      3     26     74
    91 :     16      2     75
    92 :      2     17     75
    93 :     29      0     73
    94 :      1     13     76
    95 :     12      1     76
    96 :     22     23     65
    97 :     60     30     69
    98 :     47     55     72
    99 :     65     33     71
   100 :     46     47     72
   101 :     20     21     66
   102 :     18     19     67
   103 :     43     46     68
   104 :     30     54     69
   105 :     52     50     71
   106 :     55     35     72
   107 :     59     60     77
   108 :     57     70     77
   109 :     63     12     76
   110 :     62     16     75
   111 :     61     29     73
   112 :     26     64     74
   113 :     50     65     71
   114 :     56     25     74
   115 :     17     39     75
   116 :      4     38     73
   117 :     13     40     76
   118 :     60     52     77
   119 :     40     63     76
   120 :     38     61     73
   121 :     39     62     75
   122 :     64     56     74
   123 :     70     59     77
Number of domains 4
  Domain :      0 
  Name : LibreBas
  Number of elements :     10
     0     1     2     3     4     5     6     7     8     9
  Domain :      1 
  Name : RouesDroite
  Number of elements :      5
    10    11    12    13    14
  Domain :      2 
  Name : ChargeHaut
  Number of elements :     10
    15    16    17    18    19    20    21    22    23    24
  Domain :      3 
  Name : RouesGauche
  Number of elements :      5
    25    26    27    28    29
